codice_aic	cod_farmaco	denominazione	descrizione	pa_associati	principio_attivo	quantita	unita_misura	forma	codice_atc	ragione_sociale	stato_amministrativo	tipo_procedura	fornitura
027161052	027161	TRIATEC	<2,5 MG COMPRESSE> 28 COMPRESSE IN BLISTER PVC/AL	RAMIPRIL	RAMIPRIL	2.5	milligrammi	Compressa	C09AA05	SANOFI S.R.L.	Autorizzata	Procedura Nazionale	Medicinali soggetti a prescrizione medica
027161064	027161	TRIATEC	<5 MG COMPRESSE> 14 COMPRESSE IN BLISTER PVC/AL	RAMIPRIL	RAMIPRIL	5	milligrammi	Compressa	C09AA05	SANOFI S.R.L.	Autorizzata	Procedura Nazionale	Medicinali soggetti a prescrizione medica
027161076	027161	TRIATEC	<10 MG COMPRESSE> 28 COMPRESSE IN BLISTER PVC/AL	RAMIPRIL	RAMIPRIL	10	milligrammi	Compressa	C09AA05	SANOFI S.R.L.	Autorizzata	Procedura Nazionale	Medicinali soggetti a prescrizione medica
027161088	027161	TRIATEC	2,5 MG COMPRESSE- 320 COMPRESSE IN BLISTER PVC/AL	RAMIPRIL	RAMIPRIL	2.5	milligrammi	Compressa	C09AA05	SANOFI S.R.L.	Autorizzata	Procedura Mutuo riconoscimento o Decentrata	Medicinali soggetti a prescrizione medica limitativa, utilizzabili esclusivamente in ambiente ospedaliero o in una struttura ad esso assimilabile
027161090	027161	TRIATEC	5 MG COMPRESSE- 320 COMPRESSE IN BLISTER PVC/AL	RAMIPRIL	RAMIPRIL	5	milligrammi	Compressa	C09AA05	SANOFI S.R.L.	Autorizzata	Procedura Mutuo riconoscimento o Decentrata	Medicinali soggetti a prescrizione medica limitativa, utilizzabili esclusivamente in ambiente ospedaliero o in una struttura ad esso assimilabile
027161102	027161	TRIATEC	10 MG COMPRESSE- 320 COMPRESSE IN BLISTER PVC/AL	RAMIPRIL	RAMIPRIL	10	milligrammi	Compressa	C09AA05	SANOFI S.R.L.	Autorizzata	Procedura Mutuo riconoscimento o Decentrata	Medicinali soggetti a prescrizione medica limitativa, utilizzabili esclusivamente in ambiente ospedaliero o in una struttura ad esso assimilabile
027161191	027161	TRIATEC	2,5 MG COMPRESSE- 7 COMPRESSE IN BLISTER PVC/AL	RAMIPRIL	RAMIPRIL	2.5	milligrammi	Compressa	C09AA05	SANOFI S.R.L.	Autorizzata	Procedura Mutuo riconoscimento o Decentrata	Medicinali soggetti a prescrizione medica
027161203	027161	TRIATEC	2,5 MG COMPRESSE- 10 COMPRESSE IN BLISTER PVC/AL	RAMIPRIL	RAMIPRIL	2.5	milligrammi	Compressa	C09AA05	SANOFI S.R.L.	Autorizzata	Procedura Mutuo riconoscimento o Decentrata	Medicinali soggetti a prescrizione medica
027161215	027161	TRIATEC	2,5 MG COMPRESSE- 14 COMPRESSE IN BLISTER PVC/AL	RAMIPRIL	RAMIPRIL	2.5	milligrammi	Compressa	C09AA05	SANOFI S.R.L.	Autorizzata	Procedura Mutuo riconoscimento o Decentrata	Medicinali soggetti a prescrizione medica
027161227	027161	TRIATEC	2,5 MG COMPRESSE- 15 COMPRESSE IN BLISTER PVC/AL	RAMIPRIL	RAMIPRIL	2.5	milligrammi	Compressa	C09AA05	SANOFI S.R.L.	Autorizzata	Procedura Mutuo riconoscimento o Decentrata	Medicinali soggetti a prescrizione medica
027161239	027161	TRIATEC	2,5 MG COMPRESSE- 18 COMPRESSE IN BLISTER PVC/AL	RAMIPRIL	RAMIPRIL	2.5	milligrammi	Compressa	C09AA05	SANOFI S.R.L.	Autorizzata	Procedura Mutuo riconoscimento o Decentrata	Medicinali soggetti a prescrizione medica
027161241	027161	TRIATEC	2,5 MG COMPRESSE- 20 COMPRESSE IN BLISTER PVC/AL	RAMIPRIL	RAMIPRIL	2.5	milligrammi	Compressa	C09AA05	SANOFI S.R.L.	Autorizzata	Procedura Mutuo riconoscimento o Decentrata	Medicinali soggetti a prescrizione medica
027161254	027161	TRIATEC	2,5 MG COMPRESSE- 30 COMPRESSE IN BLISTER PVC/AL	RAMIPRIL	RAMIPRIL	2.5	milligrammi	Compressa	C09AA05	SANOFI S.R.L.	Autorizzata	Procedura Mutuo riconoscimento o Decentrata	Medicinali soggetti a prescrizione medica
027161266	027161	TRIATEC	2,5 MG COMPRESSE- 45 COMPRESSE IN BLISTER PVC/AL	RAMIPRIL	RAMIPRIL	2.5	milligrammi	Compressa	C09AA05	SANOFI S.R.L.	Autorizzata	Procedura Mutuo riconoscimento o Decentrata	Medicinali soggetti a prescrizione medica
027161278	027161	TRIATEC	2,5 MG COMPRESSE- 50 COMPRESSE IN BLISTER PVC/AL	RAMIPRIL	RAMIPRIL	2.5	milligrammi	Compressa	C09AA05	SANOFI S.R.L.	Autorizzata	Procedura Mutuo riconoscimento o Decentrata	Medicinali soggetti a prescrizione medica
027161280	027161	TRIATEC	2,5 MG COMPRESSE- 60 COMPRESSE IN BLISTER PVC/AL	RAMIPRIL	RAMIPRIL	2.5	milligrammi	Compressa	C09AA05	SANOFI S.R.L.	Autorizzata	Procedura Mutuo riconoscimento o Decentrata	Medicinali soggetti a prescrizione medica
027161292	027161	TRIATEC	2,5 MG COMPRESSE- 90 COMPRESSE IN BLISTER PVC/AL	RAMIPRIL	RAMIPRIL	2.5	milligrammi	Compressa	C09AA05	SANOFI S.R.L.	Autorizzata	Procedura Mutuo riconoscimento o Decentrata	Medicinali soggetti a prescrizione medica
027161304	027161	TRIATEC	2,5 MG COMPRESSE- 98 COMPRESSE IN BLISTER PVC/AL	RAMIPRIL	RAMIPRIL	2.5	milligrammi	Compressa	C09AA05	SANOFI S.R.L.	Autorizzata	Procedura Mutuo riconoscimento o Decentrata	Medicinali soggetti a prescrizione medica
027161316	027161	TRIATEC	2,5 MG COMPRESSE- 99 COMPRESSE IN BLISTER PVC/AL	RAMIPRIL	RAMIPRIL	2.5	milligrammi	Compressa	C09AA05	SANOFI S.R.L.	Autorizzata	Procedura Mutuo riconoscimento o Decentrata	Medicinali soggetti a prescrizione medica
027161328	027161	TRIATEC	2,5 MG COMPRESSE- 100 COMPRESSE IN BLISTER PVC/AL	RAMIPRIL	RAMIPRIL	2.5	milligrammi	Compressa	C09AA05	SANOFI S.R.L.	Autorizzata	Procedura Mutuo riconoscimento o Decentrata	Medicinali soggetti a prescrizione medica
027161330	027161	TRIATEC	2,5 MG COMPRESSE- 300 COMPRESSE IN BLISTER PVC/AL	RAMIPRIL	RAMIPRIL	2.5	milligrammi	Compressa	C09AA05	SANOFI S.R.L.	Autorizzata	Procedura Mutuo riconoscimento o Decentrata	Medicinali soggetti a prescrizione medica limitativa, utilizzabili esclusivamente in ambiente ospedaliero o in una struttura ad esso assimilabile
027161342	027161	TRIATEC	2,5 MG COMPRESSE- 500 COMPRESSE IN BLISTER PVC/AL	RAMIPRIL	RAMIPRIL	2.5	milligrammi	Compressa	C09AA05	SANOFI S.R.L.	Autorizzata	Procedura Mutuo riconoscimento o Decentrata	Medicinali soggetti a prescrizione medica limitativa, utilizzabili esclusivamente in ambiente ospedaliero o in una struttura ad esso assimilabile
027161355	027161	TRIATEC	5 MG COMPRESSE- 10 COMPRESSE IN BLISTER PVC/AL	RAMIPRIL	RAMIPRIL	5	milligrammi	Compressa	C09AA05	SANOFI S.R.L.	Autorizzata	Procedura Mutuo riconoscimento o Decentrata	Medicinali soggetti a prescrizione medica
027161367	027161	TRIATEC	5 MG COMPRESSE- 15 COMPRESSE IN BLISTER PVC/AL	RAMIPRIL	RAMIPRIL	5	milligrammi	Compressa	C09AA05	SANOFI S.R.L.	Autorizzata	Procedura Mutuo riconoscimento o Decentrata	Medicinali soggetti a prescrizione medica
027161379	027161	TRIATEC	5 MG COMPRESSE- 18 COMPRESSE IN BLISTER PVC/AL	RAMIPRIL	RAMIPRIL	5	milligrammi	Compressa	C09AA05	SANOFI S.R.L.	Autorizzata	Procedura Mutuo riconoscimento o Decentrata	Medicinali soggetti a prescrizione medica
027161381	027161	TRIATEC	5 MG COMPRESSE- 20 COMPRESSE IN BLISTER PVC/AL	RAMIPRIL	RAMIPRIL	5	milligrammi	Compressa	C09AA05	SANOFI S.R.L.	Autorizzata	Procedura Mutuo riconoscimento o Decentrata	Medicinali soggetti a prescrizione medica
027161393	027161	TRIATEC	5 MG COMPRESSE- 21 COMPRESSE IN BLISTER PVC/AL	RAMIPRIL	RAMIPRIL	5	milligrammi	Compressa	C09AA05	SANOFI S.R.L.	Autorizzata	Procedura Mutuo riconoscimento o Decentrata	Medicinali soggetti a prescrizione medica
027161405	027161	TRIATEC	5 MG COMPRESSE- 28 COMPRESSE IN BLISTER PVC/AL	RAMIPRIL	RAMIPRIL	5	milligrammi	Compressa	C09AA05	SANOFI S.R.L.	Autorizzata	Procedura Nazionale	Medicinali soggetti a prescrizione medica
027161417	027161	TRIATEC	5 MG COMPRESSE- 30 COMPRESSE IN BLISTER PVC/AL	RAMIPRIL	RAMIPRIL	5	milligrammi	Compressa	C09AA05	SANOFI S.R.L.	Autorizzata	Procedura Mutuo riconoscimento o Decentrata	Medicinali soggetti a prescrizione medica
027161429	027161	TRIATEC	5 MG COMPRESSE- 45 COMPRESSE IN BLISTER PVC/AL	RAMIPRIL	RAMIPRIL	5	milligrammi	Compressa	C09AA05	SANOFI S.R.L.	Autorizzata	Procedura Mutuo riconoscimento o Decentrata	Medicinali soggetti a prescrizione medica
027161431	027161	TRIATEC	5 MG COMPRESSE- 50 COMPRESSE IN BLISTER PVC/AL	RAMIPRIL	RAMIPRIL	5	milligrammi	Compressa	C09AA05	SANOFI S.R.L.	Autorizzata	Procedura Mutuo riconoscimento o Decentrata	Medicinali soggetti a prescrizione medica
027161443	027161	TRIATEC	5 MG COMPRESSE- 56 COMPRESSE IN BLISTER PVC/AL	RAMIPRIL	RAMIPRIL	5	milligrammi	Compressa	C09AA05	SANOFI S.R.L.	Autorizzata	Procedura Mutuo riconoscimento o Decentrata	Medicinali soggetti a prescrizione medica
027161456	027161	TRIATEC	5 MG COMPRESSE- 90 COMPRESSE IN BLISTER PVC/AL	RAMIPRIL	RAMIPRIL	5	milligrammi	Compressa	C09AA05	SANOFI S.R.L.	Autorizzata	Procedura Mutuo riconoscimento o Decentrata	Medicinali soggetti a prescrizione medica
027161468	027161	TRIATEC	5 MG COMPRESSE- 98 COMPRESSE IN BLISTER PVC/AL	RAMIPRIL	RAMIPRIL	5	milligrammi	Compressa	C09AA05	SANOFI S.R.L.	Autorizzata	Procedura Mutuo riconoscimento o Decentrata	Medicinali soggetti a prescrizione medica
027161470	027161	TRIATEC	5 MG COMPRESSE- 99 COMPRESSE IN BLISTER PVC/AL	RAMIPRIL	RAMIPRIL	5	milligrammi	Compressa	C09AA05	SANOFI S.R.L.	Autorizzata	Procedura Mutuo riconoscimento o Decentrata	Medicinali soggetti a prescrizione medica
027161482	027161	TRIATEC	5 MG COMPRESSE- 100 COMPRESSE IN BLISTER PVC/AL	RAMIPRIL	RAMIPRIL	5	milligrammi	Compressa	C09AA05	SANOFI S.R.L.	Autorizzata	Procedura Mutuo riconoscimento o Decentrata	Medicinali soggetti a prescrizione medica
027161494	027161	TRIATEC	5 MG COMPRESSE- 300 COMPRESSE IN BLISTER PVC/AL	RAMIPRIL	RAMIPRIL	5	milligrammi	Compressa	C09AA05	SANOFI S.R.L.	Autorizzata	Procedura Mutuo riconoscimento o Decentrata	Medicinali soggetti a prescrizione medica limitativa, utilizzabili esclusivamente in ambiente ospedaliero o in una struttura ad esso assimilabile
027161506	027161	TRIATEC	5 MG COMPRESSE- 500 COMPRESSE IN BLISTER PVC/AL	RAMIPRIL	RAMIPRIL	5	milligrammi	Compressa	C09AA05	SANOFI S.R.L.	Autorizzata	Procedura Mutuo riconoscimento o Decentrata	Medicinali soggetti a prescrizione medica limitativa, utilizzabili esclusivamente in ambiente ospedaliero o in una struttura ad esso assimilabile
027161518	027161	TRIATEC	10 MG COMPRESSE- 7 COMPRESSE IN BLISTER PVC/AL	RAMIPRIL	RAMIPRIL	10	milligrammi	Compressa	C09AA05	SANOFI S.R.L.	Autorizzata	Procedura Mutuo riconoscimento o Decentrata	Medicinali soggetti a prescrizione medica
027161520	027161	TRIATEC	10 MG COMPRESSE- 10 COMPRESSE IN BLISTER PVC/AL	RAMIPRIL	RAMIPRIL	10	milligrammi	Compressa	C09AA05	SANOFI S.R.L.	Autorizzata	Procedura Mutuo riconoscimento o Decentrata	Medicinali soggetti a prescrizione medica
027161532	027161	TRIATEC	10 MG COMPRESSE- 14 COMPRESSE IN BLISTER PVC/AL	RAMIPRIL	RAMIPRIL	10	milligrammi	Compressa	C09AA05	SANOFI S.R.L.	Autorizzata	Procedura Mutuo riconoscimento o Decentrata	Medicinali soggetti a prescrizione medica
027161544	027161	TRIATEC	10 MG COMPRESSE- 15 COMPRESSE IN BLISTER PVC/AL	RAMIPRIL	RAMIPRIL	10	milligrammi	Compressa	C09AA05	SANOFI S.R.L.	Autorizzata	Procedura Mutuo riconoscimento o Decentrata	Medicinali soggetti a prescrizione medica
027161557	027161	TRIATEC	10 MG COMPRESSE- 18 COMPRESSE IN BLISTER PVC/AL	RAMIPRIL	RAMIPRIL	10	milligrammi	Compressa	C09AA05	SANOFI S.R.L.	Autorizzata	Procedura Mutuo riconoscimento o Decentrata	Medicinali soggetti a prescrizione medica
027161569	027161	TRIATEC	10 MG COMPRESSE- 20 COMPRESSE IN BLISTER PVC/AL	RAMIPRIL	RAMIPRIL	10	milligrammi	Compressa	C09AA05	SANOFI S.R.L.	Autorizzata	Procedura Mutuo riconoscimento o Decentrata	Medicinali soggetti a prescrizione medica
027161571	027161	TRIATEC	10 MG COMPRESSE- 30 COMPRESSE IN BLISTER PVC/AL	RAMIPRIL	RAMIPRIL	10	milligrammi	Compressa	C09AA05	SANOFI S.R.L.	Autorizzata	Procedura Mutuo riconoscimento o Decentrata	Medicinali soggetti a prescrizione medica
027161583	027161	TRIATEC	10 MG COMPRESSE- 45 COMPRESSE IN BLISTER PVC/AL	RAMIPRIL	RAMIPRIL	10	milligrammi	Compressa	C09AA05	SANOFI S.R.L.	Autorizzata	Procedura Mutuo riconoscimento o Decentrata	Medicinali soggetti a prescrizione medica
027161595	027161	TRIATEC	10 MG COMPRESSE- 50 COMPRESSE IN BLISTER PVC/AL	RAMIPRIL	RAMIPRIL	10	milligrammi	Compressa	C09AA05	SANOFI S.R.L.	Autorizzata	Procedura Mutuo riconoscimento o Decentrata	Medicinali soggetti a prescrizione medica
027161607	027161	TRIATEC	10 MG COMPRESSE- 56 COMPRESSE IN BLISTER PVC/AL	RAMIPRIL	RAMIPRIL	10	milligrammi	Compressa	C09AA05	SANOFI S.R.L.	Autorizzata	Procedura Mutuo riconoscimento o Decentrata	Medicinali soggetti a prescrizione medica
027161619	027161	TRIATEC	10 MG COMPRESSE- 90 COMPRESSE IN BLISTER PVC/AL	RAMIPRIL	RAMIPRIL	10	milligrammi	Compressa	C09AA05	SANOFI S.R.L.	Autorizzata	Procedura Mutuo riconoscimento o Decentrata	Medicinali soggetti a prescrizione medica
027161621	027161	TRIATEC	10 MG COMPRESSE- 98 COMPRESSE IN BLISTER PVC/AL	RAMIPRIL	RAMIPRIL	10	milligrammi	Compressa	C09AA05	SANOFI S.R.L.	Autorizzata	Procedura Mutuo riconoscimento o Decentrata	Medicinali soggetti a prescrizione medica
027161633	027161	TRIATEC	10 MG COMPRESSE- 99 COMPRESSE IN BLISTER PVC/AL	RAMIPRIL	RAMIPRIL	10	milligrammi	Compressa	C09AA05	SANOFI S.R.L.	Autorizzata	Procedura Mutuo riconoscimento o Decentrata	Medicinali soggetti a prescrizione medica
027161645	027161	TRIATEC	10 MG COMPRESSE- 100 COMPRESSE IN BLISTER PVC/AL	RAMIPRIL	RAMIPRIL	10	milligrammi	Compressa	C09AA05	SANOFI S.R.L.	Autorizzata	Procedura Mutuo riconoscimento o Decentrata	Medicinali soggetti a prescrizione medica
027161658	027161	TRIATEC	10 MG COMPRESSE- 300 COMPRESSE IN BLISTER PVC/AL	RAMIPRIL	RAMIPRIL	10	milligrammi	Compressa	C09AA05	SANOFI S.R.L.	Autorizzata	Procedura Mutuo riconoscimento o Decentrata	Medicinali soggetti a prescrizione medica limitativa, utilizzabili esclusivamente in ambiente ospedaliero o in una struttura ad esso assimilabile
027161660	027161	TRIATEC	10 MG COMPRESSE- 500 COMPRESSE IN BLISTER PVC/AL	RAMIPRIL	RAMIPRIL	10	milligrammi	Compressa	C09AA05	SANOFI S.R.L.	Autorizzata	Procedura Mutuo riconoscimento o Decentrata	Medicinali soggetti a prescrizione medica limitativa, utilizzabili esclusivamente in ambiente ospedaliero o in una struttura ad esso assimilabile
027161684	027161	TRIATEC	2,5 MG COMPRESSE- 500 COMPRESSE IN FLACONE IN VETRO	RAMIPRIL	RAMIPRIL	2.5	milligrammi	Compressa	C09AA05	SANOFI S.R.L.	Autorizzata	Procedura Mutuo riconoscimento o Decentrata	Medicinali soggetti a prescrizione medica limitativa, utilizzabili esclusivamente in ambiente ospedaliero o in una struttura ad esso assimilabile
027161696	027161	TRIATEC	5 MG COMPRESSE- 500 COMPRESSE IN FLACONE IN VETRO	RAMIPRIL	RAMIPRIL	5	milligrammi	Compressa	C09AA05	SANOFI S.R.L.	Autorizzata	Procedura Mutuo riconoscimento o Decentrata	Medicinali soggetti a prescrizione medica limitativa, utilizzabili esclusivamente in ambiente ospedaliero o in una struttura ad esso assimilabile
027161708	027161	TRIATEC	10 MG COMPRESSE- 28 COMPRESSE IN FLACONE IN VETRO	RAMIPRIL	RAMIPRIL	10	milligrammi	Compressa	C09AA05	SANOFI S.R.L.	Autorizzata	Procedura Mutuo riconoscimento o Decentrata	Medicinali soggetti a prescrizione medica
027161710	027161	TRIATEC	10 MG COMPRESSE- 56 COMPRESSE IN FLACONE IN VETRO	RAMIPRIL	RAMIPRIL	10	milligrammi	Compressa	C09AA05	SANOFI S.R.L.	Autorizzata	Procedura Mutuo riconoscimento o Decentrata	Medicinali soggetti a prescrizione medica
027161722	027161	TRIATEC	10 MG COMPRESSE- 500 COMPRESSE IN FLACONE IN VETRO	RAMIPRIL	RAMIPRIL	10	milligrammi	Compressa	C09AA05	SANOFI S.R.L.	Autorizzata	Procedura Mutuo riconoscimento o Decentrata	Medicinali soggetti a prescrizione medica limitativa, utilizzabili esclusivamente in ambiente ospedaliero o in una struttura ad esso assimilabile
027162054	027162	QUARK	2,5 MG COMPRESSE- 28 COMPRESSE	RAMIPRIL	RAMIPRIL	2.5	milligrammi	Compressa	C09AA05	POLIFARMA S.P.A.	Autorizzata	Procedura Nazionale	Medicinali soggetti a prescrizione medica
027162066	027162	QUARK	5 MG COMPRESSE- 14 COMPRESSE	RAMIPRIL	RAMIPRIL	5	milligrammi	Compressa	C09AA05	POLIFARMA S.P.A.	Autorizzata	Procedura Nazionale	Medicinali soggetti a prescrizione medica
027162078	027162	QUARK	10 MG COMPRESSE - 28 COMPRESSE	RAMIPRIL	RAMIPRIL	10	milligrammi	Compressa	C09AA05	POLIFARMA S.P.A.	Autorizzata	Procedura Nazionale	Medicinali soggetti a prescrizione medica
027162080	027162	QUARK	5 MG COMPRESSE- 28 COMPRESSE IN BLISTER PVC/AL	RAMIPRIL	RAMIPRIL			Compressa	C09AA05	POLIFARMA S.P.A.	Autorizzata	Procedura Nazionale	Medicinali soggetti a prescrizione medica
027166053	027166	UNIPRIL	2,5 MG COMPRESSE- 28 COMPRESSE	RAMIPRIL	RAMIPRIL	2.5	milligrammi	Compressa	C09AA05	GLOBAL PHARMACIES PARTNER SRL	Autorizzata	Procedura Nazionale	Medicinali soggetti a prescrizione medica
027166065	027166	UNIPRIL	5 MG COMPRESSE- 14 COMPRESSE	RAMIPRIL	RAMIPRIL	5	milligrammi	Compressa	C09AA05	GLOBAL PHARMACIES PARTNER SRL	Autorizzata	Procedura Nazionale	Medicinali soggetti a prescrizione medica
027166077	027166	UNIPRIL	10 MG COMPRESSE - 28 COMPRESSE	RAMIPRIL	RAMIPRIL	10	milligrammi	Compressa	C09AA05	GLOBAL PHARMACIES PARTNER SRL	Autorizzata	Procedura Nazionale	Medicinali soggetti a prescrizione medica
027166089	027166	UNIPRIL	5 MG COMPRESSE- 28 COMPRESSE IN BLISTER AL/PVC	RAMIPRIL	RAMIPRIL	5	milligrammi	Compressa	C09AA05	GLOBAL PHARMACIES PARTNER SRL	Autorizzata	Procedura Nazionale	Medicinali soggetti a prescrizione medica
036905014	036905	RAMIPRIL RATIOPHARM	2,5 MG COMPRESSE- 10 COMPRESSE IN BLISTER AL/AL	RAMIPRIL	RAMIPRIL	2.5	milligrammi	Compressa	C09AA05	RATIOPHARM GMBH	Autorizzata	Procedura Mutuo riconoscimento o Decentrata	Medicinali soggetti a prescrizione medica
036905026	036905	RAMIPRIL RATIOPHARM	2,5 MG COMPRESSE- 14 COMPRESSE IN BLISTER AL/AL	RAMIPRIL	RAMIPRIL	2.5	milligrammi	Compressa	C09AA05	RATIOPHARM GMBH	Autorizzata	Procedura Mutuo riconoscimento o Decentrata	Medicinali soggetti a prescrizione medica
036905038	036905	RAMIPRIL RATIOPHARM	2,5 MG COMPRESSE- 20 COMPRESSE IN BLISTER AL/AL	RAMIPRIL	RAMIPRIL	2.5	milligrammi	Compressa	C09AA05	RATIOPHARM GMBH	Autorizzata	Procedura Mutuo riconoscimento o Decentrata	Medicinali soggetti a prescrizione medica
036905040	036905	RAMIPRIL RATIOPHARM	2,5 MG COMPRESSE- 28 COMPRESSE IN BLISTER AL/AL	RAMIPRIL	RAMIPRIL	2.5	milligrammi	Compressa	C09AA05	RATIOPHARM GMBH	Autorizzata	Procedura Mutuo riconoscimento o Decentrata	Medicinali soggetti a prescrizione medica
036905053	036905	RAMIPRIL RATIOPHARM	2,5 MG COMPRESSE- 30 COMPRESSE IN BLISTER AL/AL	RAMIPRIL	RAMIPRIL	2.5	milligrammi	Compressa	C09AA05	RATIOPHARM GMBH	Autorizzata	Procedura Mutuo riconoscimento o Decentrata	Medicinali soggetti a prescrizione medica
036905065	036905	RAMIPRIL RATIOPHARM	2,5 MG COMPRESSE- 42 COMPRESSE IN BLISTER AL/AL	RAMIPRIL	RAMIPRIL	2.5	milligrammi	Compressa	C09AA05	RATIOPHARM GMBH	Autorizzata	Procedura Mutuo riconoscimento o Decentrata	Medicinali soggetti a prescrizione medica
036905077	036905	RAMIPRIL RATIOPHARM	2,5 MG COMPRESSE- 50 COMPRESSE IN BLISTER AL/AL	RAMIPRIL	RAMIPRIL	2.5	milligrammi	Compressa	C09AA05	RATIOPHARM GMBH	Autorizzata	Procedura Mutuo riconoscimento o Decentrata	Medicinali soggetti a prescrizione medica
036905089	036905	RAMIPRIL RATIOPHARM	2,5 MG COMPRESSE- 98 COMPRESSE IN BLISTER AL/AL	RAMIPRIL	RAMIPRIL	2.5	milligrammi	Compressa	C09AA05	RATIOPHARM GMBH	Autorizzata	Procedura Mutuo riconoscimento o Decentrata	Medicinali soggetti a prescrizione medica
036905091	036905	RAMIPRIL RATIOPHARM	2,5 MG COMPRESSE- 100 COMPRESSE IN BLISTER AL/AL	RAMIPRIL	RAMIPRIL	2.5	milligrammi	Compressa	C09AA05	RATIOPHARM GMBH	Autorizzata	Procedura Mutuo riconoscimento o Decentrata	Medicinali soggetti a prescrizione medica
036905103	036905	RAMIPRIL RATIOPHARM	5 MG COMPRESSE- 10 COMPRESSE IN BLISTER AL/AL	RAMIPRIL	RAMIPRIL	5	milligrammi	Compressa	C09AA05	RATIOPHARM GMBH	Autorizzata	Procedura Mutuo riconoscimento o Decentrata	Medicinali soggetti a prescrizione medica
036905115	036905	RAMIPRIL RATIOPHARM	5 MG COMPRESSE- 14 COMPRESSE IN BLISTER AL/AL	RAMIPRIL	RAMIPRIL	5	milligrammi	Compressa	C09AA05	RATIOPHARM GMBH	Autorizzata	Procedura Mutuo riconoscimento o Decentrata	Medicinali soggetti a prescrizione medica
036905127	036905	RAMIPRIL RATIOPHARM	5 MG COMPRESSE- 20 COMPRESSE IN BLISTER AL/AL	RAMIPRIL	RAMIPRIL	5	milligrammi	Compressa	C09AA05	RATIOPHARM GMBH	Autorizzata	Procedura Mutuo riconoscimento o Decentrata	Medicinali soggetti a prescrizione medica
036905139	036905	RAMIPRIL RATIOPHARM	5 MG COMPRESSE- 28 COMPRESSE IN BLISTER AL/AL	RAMIPRIL	RAMIPRIL	5	milligrammi	Compressa	C09AA05	RATIOPHARM GMBH	Autorizzata	Procedura Mutuo riconoscimento o Decentrata	Medicinali soggetti a prescrizione medica
036905141	036905	RAMIPRIL RATIOPHARM	5 MG COMPRESSE- 30 COMPRESSE IN BLISTER AL/AL	RAMIPRIL	RAMIPRIL	5	milligrammi	Compressa	C09AA05	RATIOPHARM GMBH	Autorizzata	Procedura Mutuo riconoscimento o Decentrata	Medicinali soggetti a prescrizione medica
036905154	036905	RAMIPRIL RATIOPHARM	5 MG COMPRESSE- 42 COMPRESSE IN BLISTER AL/AL	RAMIPRIL	RAMIPRIL	5	milligrammi	Compressa	C09AA05	RATIOPHARM GMBH	Autorizzata	Procedura Mutuo riconoscimento o Decentrata	Medicinali soggetti a prescrizione medica
036905166	036905	RAMIPRIL RATIOPHARM	5 MG COMPRESSE- 50 COMPRESSE IN BLISTER AL/AL	RAMIPRIL	RAMIPRIL	5	milligrammi	Compressa	C09AA05	RATIOPHARM GMBH	Autorizzata	Procedura Mutuo riconoscimento o Decentrata	Medicinali soggetti a prescrizione medica
036905178	036905	RAMIPRIL RATIOPHARM	5 MG COMPRESSE- 98 COMPRESSE IN BLISTER AL/AL	RAMIPRIL	RAMIPRIL	5	milligrammi	Compressa	C09AA05	RATIOPHARM GMBH	Autorizzata	Procedura Mutuo riconoscimento o Decentrata	Medicinali soggetti a prescrizione medica
036905180	036905	RAMIPRIL RATIOPHARM	5 MG COMPRESSE- 100 COMPRESSE IN BLISTER AL/AL	RAMIPRIL	RAMIPRIL	5	milligrammi	Compressa	C09AA05	RATIOPHARM GMBH	Autorizzata	Procedura Mutuo riconoscimento o Decentrata	Medicinali soggetti a prescrizione medica
037439015	037439	RAMIPRIL EG	2.5 MG COMPRESSE- 10 COMPRESSE IN BLISTER AL/AL	RAMIPRIL	RAMIPRIL			Compressa	C09AA05	EG S.P.A.	Autorizzata	Procedura Mutuo riconoscimento o Decentrata	Medicinali soggetti a prescrizione medica
037439027	037439	RAMIPRIL EG	2.5 MG COMPRESSE- 14 COMPRESSE IN BLISTER AL/AL	RAMIPRIL	RAMIPRIL			Compressa	C09AA05	EG S.P.A.	Autorizzata	Procedura Mutuo riconoscimento o Decentrata	Medicinali soggetti a prescrizione medica
037439039	037439	RAMIPRIL EG	2.5 MG COMPRESSE- 20 COMPRESSE IN BLISTER AL/AL	RAMIPRIL	RAMIPRIL			Compressa	C09AA05	EG S.P.A.	Autorizzata	Procedura Mutuo riconoscimento o Decentrata	Medicinali soggetti a prescrizione medica
037439041	037439	RAMIPRIL EG	2.5 MG COMPRESSE- 28 COMPRESSE IN BLISTER AL/AL	RAMIPRIL	RAMIPRIL			Compressa	C09AA05	EG S.P.A.	Autorizzata	Procedura Mutuo riconoscimento o Decentrata	Medicinali soggetti a prescrizione medica
037439054	037439	RAMIPRIL EG	2.5 MG COMPRESSE- 30 COMPRESSE IN BLISTER AL/AL	RAMIPRIL	RAMIPRIL			Compressa	C09AA05	EG S.P.A.	Autorizzata	Procedura Mutuo riconoscimento o Decentrata	Medicinali soggetti a prescrizione medica
037439066	037439	RAMIPRIL EG	2.5 MG COMPRESSE- 42 COMPRESSE IN BLISTER AL/AL	RAMIPRIL	RAMIPRIL			Compressa	C09AA05	EG S.P.A.	Autorizzata	Procedura Mutuo riconoscimento o Decentrata	Medicinali soggetti a prescrizione medica
037439078	037439	RAMIPRIL EG	2.5 MG COMPRESSE- 50 COMPRESSE IN BLISTER AL/AL	RAMIPRIL	RAMIPRIL			Compressa	C09AA05	EG S.P.A.	Autorizzata	Procedura Mutuo riconoscimento o Decentrata	Medicinali soggetti a prescrizione medica
037439080	037439	RAMIPRIL EG	2.5 MG COMPRESSE- 98 COMPRESSE IN BLISTER AL/AL	RAMIPRIL	RAMIPRIL			Compressa	C09AA05	EG S.P.A.	Autorizzata	Procedura Mutuo riconoscimento o Decentrata	Medicinali soggetti a prescrizione medica
037439092	037439	RAMIPRIL EG	2.5 MG COMPRESSE- 100 COMPRESSE IN BLISTER AL/AL	RAMIPRIL	RAMIPRIL			Compressa	C09AA05	EG S.P.A.	Autorizzata	Procedura Mutuo riconoscimento o Decentrata	Medicinali soggetti a prescrizione medica
037439104	037439	RAMIPRIL EG	2.5 MG COMPRESSE- 100 COMPRESSE IN FLACONE PP	RAMIPRIL	RAMIPRIL			Compressa	C09AA05	EG S.P.A.	Autorizzata	Procedura Mutuo riconoscimento o Decentrata	Medicinali soggetti a prescrizione medica
037439116	037439	RAMIPRIL EG	2.5 MG COMPRESSE- 500 COMPRESSE IN FLACONE PP	RAMIPRIL	RAMIPRIL			Compressa	C09AA05	EG S.P.A.	Autorizzata	Procedura Mutuo riconoscimento o Decentrata	Medicinali soggetti a prescrizione medica
037439128	037439	RAMIPRIL EG	5 MG COMPRESSE- 10 COMPRESSE IN BLISTER AL/AL	RAMIPRIL	RAMIPRIL			Compressa	C09AA05	EG S.P.A.	Autorizzata	Procedura Mutuo riconoscimento o Decentrata	Medicinali soggetti a prescrizione medica
037439130	037439	RAMIPRIL EG	5 MG COMPRESSE- 14 COMPRESSE IN BLISTER AL/AL	RAMIPRIL	RAMIPRIL			Compressa	C09AA05	EG S.P.A.	Autorizzata	Procedura Mutuo riconoscimento o Decentrata	Medicinali soggetti a prescrizione medica
037439142	037439	RAMIPRIL EG	5 MG COMPRESSE- 20 COMPRESSE IN BLISTER AL/AL	RAMIPRIL	RAMIPRIL			Compressa	C09AA05	EG S.P.A.	Autorizzata	Procedura Mutuo riconoscimento o Decentrata	Medicinali soggetti a prescrizione medica
037439155	037439	RAMIPRIL EG	5 MG COMPRESSE- 28 COMPRESSE IN BLISTER AL/AL	RAMIPRIL	RAMIPRIL			Compressa	C09AA05	EG S.P.A.	Autorizzata	Procedura Mutuo riconoscimento o Decentrata	Medicinali soggetti a prescrizione medica
037439167	037439	RAMIPRIL EG	5 MG COMPRESSE- 30 COMPRESSE IN BLISTER AL/AL	RAMIPRIL	RAMIPRIL			Compressa	C09AA05	EG S.P.A.	Autorizzata	Procedura Mutuo riconoscimento o Decentrata	Medicinali soggetti a prescrizione medica
037439179	037439	RAMIPRIL EG	5 MG COMPRESSE- 42 COMPRESSE IN BLISTER AL/AL	RAMIPRIL	RAMIPRIL			Compressa	C09AA05	EG S.P.A.	Autorizzata	Procedura Mutuo riconoscimento o Decentrata	Medicinali soggetti a prescrizione medica
037439181	037439	RAMIPRIL EG	5 MG COMPRESSE- 50 COMPRESSE IN BLISTER AL/AL	RAMIPRIL	RAMIPRIL			Compressa	C09AA05	EG S.P.A.	Autorizzata	Procedura Mutuo riconoscimento o Decentrata	Medicinali soggetti a prescrizione medica
037439193	037439	RAMIPRIL EG	5 MG COMPRESSE- 98 COMPRESSE IN BLISTER AL/AL	RAMIPRIL	RAMIPRIL			Compressa	C09AA05	EG S.P.A.	Autorizzata	Procedura Mutuo riconoscimento o Decentrata	Medicinali soggetti a prescrizione medica
037439205	037439	RAMIPRIL EG	5 MG COMPRESSE- 100 COMPRESSE IN BLISTER AL/AL	RAMIPRIL	RAMIPRIL			Compressa	C09AA05	EG S.P.A.	Autorizzata	Procedura Mutuo riconoscimento o Decentrata	Medicinali soggetti a prescrizione medica
037439217	037439	RAMIPRIL EG	5 MG COMPRESSE- 100 COMPRESSE IN FLACONE PP	RAMIPRIL	RAMIPRIL			Compressa	C09AA05	EG S.P.A.	Autorizzata	Procedura Mutuo riconoscimento o Decentrata	Medicinali soggetti a prescrizione medica
037439229	037439	RAMIPRIL EG	5 MG COMPRESSE- 500 COMPRESSE IN FLACONE PP	RAMIPRIL	RAMIPRIL			Compressa	C09AA05	EG S.P.A.	Autorizzata	Procedura Mutuo riconoscimento o Decentrata	Medicinali soggetti a prescrizione medica
037439231	037439	RAMIPRIL EG	10 MG COMPRESSE- 10 COMPRESSE IN BLISTER AL/AL	RAMIPRIL	RAMIPRIL			Compressa	C09AA05	EG S.P.A.	Autorizzata	Procedura Mutuo riconoscimento o Decentrata	Medicinali soggetti a prescrizione medica
037439243	037439	RAMIPRIL EG	10 MG COMPRESSE- 14 COMPRESSE IN BLISTER AL/AL	RAMIPRIL	RAMIPRIL			Compressa	C09AA05	EG S.P.A.	Autorizzata	Procedura Mutuo riconoscimento o Decentrata	Medicinali soggetti a prescrizione medica
037439256	037439	RAMIPRIL EG	10 MG COMPRESSE- 20 COMPRESSE IN BLISTER AL/AL	RAMIPRIL	RAMIPRIL			Compressa	C09AA05	EG S.P.A.	Autorizzata	Procedura Mutuo riconoscimento o Decentrata	Medicinali soggetti a prescrizione medica
037439268	037439	RAMIPRIL EG	10 MG COMPRESSE- 28 COMPRESSE IN BLISTER AL/AL	RAMIPRIL	RAMIPRIL			Compressa	C09AA05	EG S.P.A.	Autorizzata	Procedura Mutuo riconoscimento o Decentrata	Medicinali soggetti a prescrizione medica
037439270	037439	RAMIPRIL EG	10 MG COMPRESSE- 30 COMPRESSE IN BLISTER AL/AL	RAMIPRIL	RAMIPRIL			Compressa	C09AA05	EG S.P.A.	Autorizzata	Procedura Mutuo riconoscimento o Decentrata	Medicinali soggetti a prescrizione medica
037439282	037439	RAMIPRIL EG	10 MG COMPRESSE- 42 COMPRESSE IN BLISTER AL/AL	RAMIPRIL	RAMIPRIL			Compressa	C09AA05	EG S.P.A.	Autorizzata	Procedura Mutuo riconoscimento o Decentrata	Medicinali soggetti a prescrizione medica
037439294	037439	RAMIPRIL EG	10 MG COMPRESSE- 50 COMPRESSE IN BLISTER AL/AL	RAMIPRIL	RAMIPRIL			Compressa	C09AA05	EG S.P.A.	Autorizzata	Procedura Mutuo riconoscimento o Decentrata	Medicinali soggetti a prescrizione medica
037439306	037439	RAMIPRIL EG	10 MG COMPRESSE- 98 COMPRESSE IN BLISTER AL/AL	RAMIPRIL	RAMIPRIL			Compressa	C09AA05	EG S.P.A.	Autorizzata	Procedura Mutuo riconoscimento o Decentrata	Medicinali soggetti a prescrizione medica
037439318	037439	RAMIPRIL EG	10 MG COMPRESSE- 100 COMPRESSE IN BLISTER AL/AL	RAMIPRIL	RAMIPRIL			Compressa	C09AA05	EG S.P.A.	Autorizzata	Procedura Mutuo riconoscimento o Decentrata	Medicinali soggetti a prescrizione medica
037439320	037439	RAMIPRIL EG	10 MG COMPRESSE- 100 COMPRESSE  IN FLACONE PP	RAMIPRIL	RAMIPRIL			Compressa	C09AA05	EG S.P.A.	Autorizzata	Procedura Mutuo riconoscimento o Decentrata	Medicinali soggetti a prescrizione medica
037439332	037439	RAMIPRIL EG	10 MG COMPRESSE- 500 COMPRESSE IN FLACONE PP	RAMIPRIL	RAMIPRIL			Compressa	C09AA05	EG S.P.A.	Autorizzata	Procedura Mutuo riconoscimento o Decentrata	Medicinali soggetti a prescrizione medica
037439344	037439	RAMIPRIL EG	2.5 MG COMPRESSE- 56 COMPRESSE IN BLISTER AL/PVC/AL/OPA	RAMIPRIL	RAMIPRIL			Compressa	C09AA05	EG S.P.A.	Autorizzata	Procedura Mutuo riconoscimento o Decentrata	Medicinali soggetti a prescrizione medica
037439357	037439	RAMIPRIL EG	5 MG COMPRESSE- 56 COMPRESSE IN BLISTER AL/PVC/AL/OPA	RAMIPRIL	RAMIPRIL			Compressa	C09AA05	EG S.P.A.	Autorizzata	Procedura Mutuo riconoscimento o Decentrata	Medicinali soggetti a prescrizione medica
037439369	037439	RAMIPRIL EG	10 MG COMPRESSE- 56 COMPRESSE IN BLISTER AL/PVC/AL/OPA	RAMIPRIL	RAMIPRIL			Compressa	C09AA05	EG S.P.A.	Autorizzata	Procedura Mutuo riconoscimento o Decentrata	Medicinali soggetti a prescrizione medica
037439407	037439	RAMIPRIL EG	2.5 MG COMPRESSE- 105 COMPRESSE IN BLISTER AL/PVC/AL/OPA	RAMIPRIL	RAMIPRIL			Compressa	C09AA05	EG S.P.A.	Autorizzata	Procedura Mutuo riconoscimento o Decentrata	Medicinali soggetti a prescrizione medica
037439419	037439	RAMIPRIL EG	5 MG COMPRESSE- 105 COMPRESSE IN BLISTER AL/PVC/AL/OPA	RAMIPRIL	RAMIPRIL			Compressa	C09AA05	EG S.P.A.	Autorizzata	Procedura Mutuo riconoscimento o Decentrata	Medicinali soggetti a prescrizione medica
037439421	037439	RAMIPRIL EG	10 MG COMPRESSE- 105 COMPRESSE IN BLISTER AL/PVC/AL/OPA	RAMIPRIL	RAMIPRIL			Compressa	C09AA05	EG S.P.A.	Autorizzata	Procedura Mutuo riconoscimento o Decentrata	Medicinali soggetti a prescrizione medica
037439433	037439	RAMIPRIL EG	2.5 MG COMPRESSE- 250 COMPRESSE IN FLACONE PP	RAMIPRIL	RAMIPRIL			Compressa	C09AA05	EG S.P.A.	Autorizzata	Procedura Mutuo riconoscimento o Decentrata	Medicinali soggetti a prescrizione medica limitativa, utilizzabili esclusivamente in ambiente ospedaliero o in una struttura ad esso assimilabile
037439445	037439	RAMIPRIL EG	5 MG COMPRESSE- 250 COMPRESSE IN FLACONE PP	RAMIPRIL	RAMIPRIL			Compressa	C09AA05	EG S.P.A.	Autorizzata	Procedura Mutuo riconoscimento o Decentrata	Medicinali soggetti a prescrizione medica limitativa, utilizzabili esclusivamente in ambiente ospedaliero o in una struttura ad esso assimilabile
037439458	037439	RAMIPRIL EG	10 MG COMPRESSE- 250 COMPRESSE IN FLACONE PP	RAMIPRIL	RAMIPRIL			Compressa	C09AA05	EG S.P.A.	Autorizzata	Procedura Mutuo riconoscimento o Decentrata	Medicinali soggetti a prescrizione medica limitativa, utilizzabili esclusivamente in ambiente ospedaliero o in una struttura ad esso assimilabile
037509179	037509	RAMIPRIL HEXAL	2.5 MG COMPRESSE- 14 COMPRESSE IN BLISTER AL/AL	RAMIPRIL	RAMIPRIL	2.5	milligrammi	Compressa	C09AA05	SANDOZ S.P.A.	Autorizzata	Procedura Mutuo riconoscimento o Decentrata	Medicinali soggetti a prescrizione medica
037509181	037509	RAMIPRIL HEXAL	2.5 MG COMPRESSE- 20 COMPRESSE IN BLISTER AL/AL	RAMIPRIL	RAMIPRIL	2.5	milligrammi	Compressa	C09AA05	SANDOZ S.P.A.	Autorizzata	Procedura Mutuo riconoscimento o Decentrata	Medicinali soggetti a prescrizione medica
037509193	037509	RAMIPRIL HEXAL	2.5 MG COMPRESSE- 28 COMPRESSE IN BLISTER AL/AL	RAMIPRIL	RAMIPRIL	2.5	milligrammi	Compressa	C09AA05	SANDOZ S.P.A.	Autorizzata	Procedura Mutuo riconoscimento o Decentrata	Medicinali soggetti a prescrizione medica
037509205	037509	RAMIPRIL HEXAL	2.5 MG COMPRESSE- 30 COMPRESSE IN BLISTER AL/AL	RAMIPRIL	RAMIPRIL	2.5	milligrammi	Compressa	C09AA05	SANDOZ S.P.A.	Autorizzata	Procedura Mutuo riconoscimento o Decentrata	Medicinali soggetti a prescrizione medica
037509217	037509	RAMIPRIL HEXAL	2.5 MG COMPRESSE- 50 COMPRESSE IN BLISTER AL/AL	RAMIPRIL	RAMIPRIL	2.5	milligrammi	Compressa	C09AA05	SANDOZ S.P.A.	Autorizzata	Procedura Mutuo riconoscimento o Decentrata	Medicinali soggetti a prescrizione medica
037509229	037509	RAMIPRIL HEXAL	2.5 MG COMPRESSE- 98 COMPRESSE IN BLISTER AL/AL	RAMIPRIL	RAMIPRIL	2.5	milligrammi	Compressa	C09AA05	SANDOZ S.P.A.	Autorizzata	Procedura Mutuo riconoscimento o Decentrata	Medicinali soggetti a prescrizione medica
037509231	037509	RAMIPRIL HEXAL	2.5 MG COMPRESSE- 100 COMPRESSE IN BLISTER AL/AL	RAMIPRIL	RAMIPRIL	2.5	milligrammi	Compressa	C09AA05	SANDOZ S.P.A.	Autorizzata	Procedura Mutuo riconoscimento o Decentrata	Medicinali soggetti a prescrizione medica
037509243	037509	RAMIPRIL HEXAL	2.5 MG COMPRESSE- 250 COMPRESSE IN BLISTER AL/AL	RAMIPRIL	RAMIPRIL	2.5	milligrammi	Compressa	C09AA05	SANDOZ S.P.A.	Autorizzata	Procedura Mutuo riconoscimento o Decentrata	Medicinali soggetti a prescrizione medica
037509256	037509	RAMIPRIL HEXAL	2.5 MG COMPRESSE- 14 COMPRESSE IN FLACONE HDPE	RAMIPRIL	RAMIPRIL	2.5	milligrammi	Compressa	C09AA05	SANDOZ S.P.A.	Autorizzata	Procedura Mutuo riconoscimento o Decentrata	Medicinali soggetti a prescrizione medica
037509268	037509	RAMIPRIL HEXAL	2.5 MG COMPRESSE- 20 COMPRESSE IN FLACONE HDPE	RAMIPRIL	RAMIPRIL	2.5	milligrammi	Compressa	C09AA05	SANDOZ S.P.A.	Autorizzata	Procedura Mutuo riconoscimento o Decentrata	Medicinali soggetti a prescrizione medica
037509270	037509	RAMIPRIL HEXAL	2.5 MG COMPRESSE- 28 COMPRESSE IN FLACONE HDPE	RAMIPRIL	RAMIPRIL	2.5	milligrammi	Compressa	C09AA05	SANDOZ S.P.A.	Autorizzata	Procedura Mutuo riconoscimento o Decentrata	Medicinali soggetti a prescrizione medica
037509282	037509	RAMIPRIL HEXAL	2.5 MG COMPRESSE- 30 COMPRESSE IN FLACONE HDPE	RAMIPRIL	RAMIPRIL	2.5	milligrammi	Compressa	C09AA05	SANDOZ S.P.A.	Autorizzata	Procedura Mutuo riconoscimento o Decentrata	Medicinali soggetti a prescrizione medica
037509294	037509	RAMIPRIL HEXAL	2.5 MG COMPRESSE- 50 COMPRESSE IN FLACONE HDPE	RAMIPRIL	RAMIPRIL	2.5	milligrammi	Compressa	C09AA05	SANDOZ S.P.A.	Autorizzata	Procedura Mutuo riconoscimento o Decentrata	Medicinali soggetti a prescrizione medica
037509306	037509	RAMIPRIL HEXAL	2.5 MG COMPRESSE- 98 COMPRESSE IN FLACONE HDPE	RAMIPRIL	RAMIPRIL	2.5	milligrammi	Compressa	C09AA05	SANDOZ S.P.A.	Autorizzata	Procedura Mutuo riconoscimento o Decentrata	Medicinali soggetti a prescrizione medica
037509318	037509	RAMIPRIL HEXAL	2.5 MG COMPRESSE- 100 COMPRESSE IN FLACONE HDPE	RAMIPRIL	RAMIPRIL	2.5	milligrammi	Compressa	C09AA05	SANDOZ S.P.A.	Autorizzata	Procedura Mutuo riconoscimento o Decentrata	Medicinali soggetti a prescrizione medica
037509320	037509	RAMIPRIL HEXAL	2.5 MG COMPRESSE- 250 COMPRESSE IN FLACONE HDPE	RAMIPRIL	RAMIPRIL	2.5	milligrammi	Compressa	C09AA05	SANDOZ S.P.A.	Autorizzata	Procedura Mutuo riconoscimento o Decentrata	Medicinali soggetti a prescrizione medica
037509332	037509	RAMIPRIL HEXAL	5 MG COMPRESSE- 14 COMPRESSE IN BLISTER AL/AL	RAMIPRIL	RAMIPRIL	5	milligrammi	Compressa	C09AA05	SANDOZ S.P.A.	Autorizzata	Procedura Mutuo riconoscimento o Decentrata	Medicinali soggetti a prescrizione medica
037509344	037509	RAMIPRIL HEXAL	5 MG COMPRESSE- 20 COMPRESSE IN BLISTER AL/AL	RAMIPRIL	RAMIPRIL	5	milligrammi	Compressa	C09AA05	SANDOZ S.P.A.	Autorizzata	Procedura Mutuo riconoscimento o Decentrata	Medicinali soggetti a prescrizione medica
037509357	037509	RAMIPRIL HEXAL	5 MG COMPRESSE- 28 COMPRESSE IN BLISTER AL/AL	RAMIPRIL	RAMIPRIL	5	milligrammi	Compressa	C09AA05	SANDOZ S.P.A.	Autorizzata	Procedura Mutuo riconoscimento o Decentrata	Medicinali soggetti a prescrizione medica
037509369	037509	RAMIPRIL HEXAL	5 MG COMPRESSE- 30 COMPRESSE IN BLISTER AL/AL	RAMIPRIL	RAMIPRIL	5	milligrammi	Compressa	C09AA05	SANDOZ S.P.A.	Autorizzata	Procedura Mutuo riconoscimento o Decentrata	Medicinali soggetti a prescrizione medica
037509371	037509	RAMIPRIL HEXAL	5 MG COMPRESSE- 50 COMPRESSE IN BLISTER AL/AL	RAMIPRIL	RAMIPRIL	5	milligrammi	Compressa	C09AA05	SANDOZ S.P.A.	Autorizzata	Procedura Mutuo riconoscimento o Decentrata	Medicinali soggetti a prescrizione medica
037509383	037509	RAMIPRIL HEXAL	5 MG COMPRESSE- 98 COMPRESSE IN BLISTER AL/AL	RAMIPRIL	RAMIPRIL	5	milligrammi	Compressa	C09AA05	SANDOZ S.P.A.	Autorizzata	Procedura Mutuo riconoscimento o Decentrata	Medicinali soggetti a prescrizione medica
037509395	037509	RAMIPRIL HEXAL	5 MG COMPRESSE- 100 COMPRESSE IN BLISTER AL/AL	RAMIPRIL	RAMIPRIL	5	milligrammi	Compressa	C09AA05	SANDOZ S.P.A.	Autorizzata	Procedura Mutuo riconoscimento o Decentrata	Medicinali soggetti a prescrizione medica
037509407	037509	RAMIPRIL HEXAL	5 MG COMPRESSE- 250 COMPRESSE IN BLISTER AL/AL	RAMIPRIL	RAMIPRIL	5	milligrammi	Compressa	C09AA05	SANDOZ S.P.A.	Autorizzata	Procedura Mutuo riconoscimento o Decentrata	Medicinali soggetti a prescrizione medica
037509419	037509	RAMIPRIL HEXAL	5 MG COMPRESSE- 14 COMPRESSE IN FLACONE HDPE	RAMIPRIL	RAMIPRIL	5	milligrammi	Compressa	C09AA05	SANDOZ S.P.A.	Autorizzata	Procedura Mutuo riconoscimento o Decentrata	Medicinali soggetti a prescrizione medica
037509421	037509	RAMIPRIL HEXAL	5 MG COMPRESSE- 20 COMPRESSE IN FLACONE HDPE	RAMIPRIL	RAMIPRIL	5	milligrammi	Compressa	C09AA05	SANDOZ S.P.A.	Autorizzata	Procedura Mutuo riconoscimento o Decentrata	Medicinali soggetti a prescrizione medica
037509433	037509	RAMIPRIL HEXAL	5 MG COMPRESSE- 28 COMPRESSE IN FLACONE HDPE	RAMIPRIL	RAMIPRIL	5	milligrammi	Compressa	C09AA05	SANDOZ S.P.A.	Autorizzata	Procedura Mutuo riconoscimento o Decentrata	Medicinali soggetti a prescrizione medica
037509445	037509	RAMIPRIL HEXAL	5 MG COMPRESSE- 30 COMPRESSE IN FLACONE HDPE	RAMIPRIL	RAMIPRIL	5	milligrammi	Compressa	C09AA05	SANDOZ S.P.A.	Autorizzata	Procedura Mutuo riconoscimento o Decentrata	Medicinali soggetti a prescrizione medica
037509458	037509	RAMIPRIL HEXAL	5 MG COMPRESSE- 50 COMPRESSE IN FLACONE HDPE	RAMIPRIL	RAMIPRIL	5	milligrammi	Compressa	C09AA05	SANDOZ S.P.A.	Autorizzata	Procedura Mutuo riconoscimento o Decentrata	Medicinali soggetti a prescrizione medica
037509460	037509	RAMIPRIL HEXAL	5 MG COMPRESSE- 98 COMPRESSE IN FLACONE HDPE	RAMIPRIL	RAMIPRIL	5	milligrammi	Compressa	C09AA05	SANDOZ S.P.A.	Autorizzata	Procedura Mutuo riconoscimento o Decentrata	Medicinali soggetti a prescrizione medica
037509472	037509	RAMIPRIL HEXAL	5 MG COMPRESSE- 100 COMPRESSE IN FLACONE HDPE	RAMIPRIL	RAMIPRIL	5	milligrammi	Compressa	C09AA05	SANDOZ S.P.A.	Autorizzata	Procedura Mutuo riconoscimento o Decentrata	Medicinali soggetti a prescrizione medica
037509484	037509	RAMIPRIL HEXAL	5 MG COMPRESSE- 250 COMPRESSE IN FLACONE HDPE	RAMIPRIL	RAMIPRIL	5	milligrammi	Compressa	C09AA05	SANDOZ S.P.A.	Autorizzata	Procedura Mutuo riconoscimento o Decentrata	Medicinali soggetti a prescrizione medica
037509508	037509	RAMIPRIL HEXAL	2.5 MG COMPRESSE- 500 COMPRESSE IN FLACONE HDPE	RAMIPRIL	RAMIPRIL	2.5	milligrammi	Compressa	C09AA05	SANDOZ S.P.A.	Autorizzata	Procedura Mutuo riconoscimento o Decentrata	Medicinali soggetti a prescrizione medica
037509510	037509	RAMIPRIL HEXAL	5 MG COMPRESSE- 500 COMPRESSE IN FLACONE HDPE	RAMIPRIL	RAMIPRIL	5	milligrammi	Compressa	C09AA05	SANDOZ S.P.A.	Autorizzata	Procedura Mutuo riconoscimento o Decentrata	Medicinali soggetti a prescrizione medica
037509534	037509	RAMIPRIL HEXAL	2.5 MG COMPRESSE- 100X1 COMPRESSE IN BLISTER AL/AL	RAMIPRIL	RAMIPRIL	2.5	milligrammi	Compressa	C09AA05	SANDOZ S.P.A.	Autorizzata	Procedura Mutuo riconoscimento o Decentrata	Medicinali soggetti a prescrizione medica
037509546	037509	RAMIPRIL HEXAL	5 MG COMPRESSE- 100X1 COMPRESSE IN BLISTER AL/AL	RAMIPRIL	RAMIPRIL	5	milligrammi	Compressa	C09AA05	SANDOZ S.P.A.	Autorizzata	Procedura Mutuo riconoscimento o Decentrata	Medicinali soggetti a prescrizione medica
037531011	037531	RAMIPRIL RATIOPHARM ITALIA	10 MG COMPRESSE- 10 COMPRESSE IN BLISTER AL/AL	RAMIPRIL	RAMIPRIL	10	milligrammi	Compressa	C09AA05	TEVA B.V.	Autorizzata	Procedura Mutuo riconoscimento o Decentrata	Medicinali soggetti a prescrizione medica
037531023	037531	RAMIPRIL RATIOPHARM ITALIA	10 MG COMPRESSE- 14 COMPRESSE IN BLISTER AL/AL	RAMIPRIL	RAMIPRIL	10	milligrammi	Compressa	C09AA05	TEVA B.V.	Autorizzata	Procedura Mutuo riconoscimento o Decentrata	Medicinali soggetti a prescrizione medica
037531035	037531	RAMIPRIL RATIOPHARM ITALIA	10 MG COMPRESSE- 20 COMPRESSE IN BLISTER AL/AL	RAMIPRIL	RAMIPRIL	10	milligrammi	Compressa	C09AA05	TEVA B.V.	Autorizzata	Procedura Mutuo riconoscimento o Decentrata	Medicinali soggetti a prescrizione medica
037531047	037531	RAMIPRIL RATIOPHARM ITALIA	10 MG COMPRESSE- 28 COMPRESSE IN BLISTER AL/AL	RAMIPRIL	RAMIPRIL	10	milligrammi	Compressa	C09AA05	TEVA B.V.	Autorizzata	Procedura Mutuo riconoscimento o Decentrata	Medicinali soggetti a prescrizione medica
037531050	037531	RAMIPRIL RATIOPHARM ITALIA	10 MG COMPRESSE- 30 COMPRESSE IN BLISTER AL/AL	RAMIPRIL	RAMIPRIL	10	milligrammi	Compressa	C09AA05	TEVA B.V.	Autorizzata	Procedura Mutuo riconoscimento o Decentrata	Medicinali soggetti a prescrizione medica
037531062	037531	RAMIPRIL RATIOPHARM ITALIA	10 MG COMPRESSE- 42 COMPRESSE IN BLISTER AL/AL	RAMIPRIL	RAMIPRIL	10	milligrammi	Compressa	C09AA05	TEVA B.V.	Autorizzata	Procedura Mutuo riconoscimento o Decentrata	Medicinali soggetti a prescrizione medica
037531074	037531	RAMIPRIL RATIOPHARM ITALIA	10 MG COMPRESSE- 50 COMPRESSE IN BLISTER AL/AL	RAMIPRIL	RAMIPRIL	10	milligrammi	Compressa	C09AA05	TEVA B.V.	Autorizzata	Procedura Mutuo riconoscimento o Decentrata	Medicinali soggetti a prescrizione medica
037531086	037531	RAMIPRIL RATIOPHARM ITALIA	10 MG COMPRESSE- 98 COMPRESSE IN BLISTER AL/AL	RAMIPRIL	RAMIPRIL	10	milligrammi	Compressa	C09AA05	TEVA B.V.	Autorizzata	Procedura Mutuo riconoscimento o Decentrata	Medicinali soggetti a prescrizione medica
037531098	037531	RAMIPRIL RATIOPHARM ITALIA	10 MG COMPRESSE- 100 COMPRESSE IN BLISTER AL/AL	RAMIPRIL	RAMIPRIL	10	milligrammi	Compressa	C09AA05	TEVA B.V.	Autorizzata	Procedura Mutuo riconoscimento o Decentrata	Medicinali soggetti a prescrizione medica
037531100	037531	RAMIPRIL RATIOPHARM ITALIA	10 MG COMPRESSE- 10 COMPRESSE IN CONTENITORE PP	RAMIPRIL	RAMIPRIL	10	milligrammi	Compressa	C09AA05	TEVA B.V.	Autorizzata	Procedura Mutuo riconoscimento o Decentrata	Medicinali soggetti a prescrizione medica
037531112	037531	RAMIPRIL RATIOPHARM ITALIA	10 MG COMPRESSE- 14 COMPRESSE IN CONTENITORE PP	RAMIPRIL	RAMIPRIL	10	milligrammi	Compressa	C09AA05	TEVA B.V.	Autorizzata	Procedura Mutuo riconoscimento o Decentrata	Medicinali soggetti a prescrizione medica
037531124	037531	RAMIPRIL RATIOPHARM ITALIA	10 MG COMPRESSE- 20 COMPRESSE IN CONTENITORE PP	RAMIPRIL	RAMIPRIL	10	milligrammi	Compressa	C09AA05	TEVA B.V.	Autorizzata	Procedura Mutuo riconoscimento o Decentrata	Medicinali soggetti a prescrizione medica
037531136	037531	RAMIPRIL RATIOPHARM ITALIA	10 MG COMPRESSE- 28 COMPRESSE IN CONTENITORE PP	RAMIPRIL	RAMIPRIL	10	milligrammi	Compressa	C09AA05	TEVA B.V.	Autorizzata	Procedura Mutuo riconoscimento o Decentrata	Medicinali soggetti a prescrizione medica
037531148	037531	RAMIPRIL RATIOPHARM ITALIA	10 MG COMPRESSE- 30 COMPRESSE IN CONTENITORE PP	RAMIPRIL	RAMIPRIL	10	milligrammi	Compressa	C09AA05	TEVA B.V.	Autorizzata	Procedura Mutuo riconoscimento o Decentrata	Medicinali soggetti a prescrizione medica
037531151	037531	RAMIPRIL RATIOPHARM ITALIA	10 MG COMPRESSE- 42 COMPRESSE IN CONTENITORE PP	RAMIPRIL	RAMIPRIL	10	milligrammi	Compressa	C09AA05	TEVA B.V.	Autorizzata	Procedura Mutuo riconoscimento o Decentrata	Medicinali soggetti a prescrizione medica
037531163	037531	RAMIPRIL RATIOPHARM ITALIA	10 MG COMPRESSE- 50 COMPRESSE IN CONTENITORE PP	RAMIPRIL	RAMIPRIL	10	milligrammi	Compressa	C09AA05	TEVA B.V.	Autorizzata	Procedura Mutuo riconoscimento o Decentrata	Medicinali soggetti a prescrizione medica
037531175	037531	RAMIPRIL RATIOPHARM ITALIA	10 MG COMPRESSE- 98 COMPRESSE IN CONTENITORE PP	RAMIPRIL	RAMIPRIL	10	milligrammi	Compressa	C09AA05	TEVA B.V.	Autorizzata	Procedura Mutuo riconoscimento o Decentrata	Medicinali soggetti a prescrizione medica
037531187	037531	RAMIPRIL RATIOPHARM ITALIA	10 MG COMPRESSE- 100 COMPRESSE IN CONTENITORE PP	RAMIPRIL	RAMIPRIL	10	milligrammi	Compressa	C09AA05	TEVA B.V.	Autorizzata	Procedura Mutuo riconoscimento o Decentrata	Medicinali soggetti a prescrizione medica
037577018	037577	RAMIPRIL MYLAN GENERICS	2.5 MG COMPRESSE- 10 COMPRESSE IN BLISTER AL/AL	RAMIPRIL	RAMIPRIL	2.5	milligrammi	Compressa	C09AA05	MYLAN S.P.A.	Autorizzata	Procedura Mutuo riconoscimento o Decentrata	Medicinali soggetti a prescrizione medica
037577020	037577	RAMIPRIL MYLAN GENERICS	2.5 MG COMPRESSE- 14 COMPRESSE IN BLISTER AL/AL	RAMIPRIL	RAMIPRIL	2.5	milligrammi	Compressa	C09AA05	MYLAN S.P.A.	Autorizzata	Procedura Mutuo riconoscimento o Decentrata	Medicinali soggetti a prescrizione medica
037577032	037577	RAMIPRIL MYLAN GENERICS	2.5 MG COMPRESSE- 20 COMPRESSE IN BLISTER AL/AL	RAMIPRIL	RAMIPRIL	2.5	milligrammi	Compressa	C09AA05	MYLAN S.P.A.	Autorizzata	Procedura Mutuo riconoscimento o Decentrata	Medicinali soggetti a prescrizione medica
037577044	037577	RAMIPRIL MYLAN GENERICS	2.5 MG COMPRESSE- 28 COMPRESSE IN BLISTER AL/AL	RAMIPRIL	RAMIPRIL	2.5	milligrammi	Compressa	C09AA05	MYLAN S.P.A.	Autorizzata	Procedura Mutuo riconoscimento o Decentrata	Medicinali soggetti a prescrizione medica
037577057	037577	RAMIPRIL MYLAN GENERICS	2.5 MG COMPRESSE- 30 COMPRESSE IN BLISTER AL/AL	RAMIPRIL	RAMIPRIL	2.5	milligrammi	Compressa	C09AA05	MYLAN S.P.A.	Autorizzata	Procedura Mutuo riconoscimento o Decentrata	Medicinali soggetti a prescrizione medica
037577069	037577	RAMIPRIL MYLAN GENERICS	2.5 MG COMPRESSE- 42 COMPRESSE IN BLISTER AL/AL	RAMIPRIL	RAMIPRIL	2.5	milligrammi	Compressa	C09AA05	MYLAN S.P.A.	Autorizzata	Procedura Mutuo riconoscimento o Decentrata	Medicinali soggetti a prescrizione medica
037577071	037577	RAMIPRIL MYLAN GENERICS	2.5 MG COMPRESSE- 50 COMPRESSE IN BLISTER AL/AL	RAMIPRIL	RAMIPRIL	2.5	milligrammi	Compressa	C09AA05	MYLAN S.P.A.	Autorizzata	Procedura Mutuo riconoscimento o Decentrata	Medicinali soggetti a prescrizione medica
037577083	037577	RAMIPRIL MYLAN GENERICS	2.5 MG COMPRESSE- 98 COMPRESSE IN BLISTER AL/AL	RAMIPRIL	RAMIPRIL	2.5	milligrammi	Compressa	C09AA05	MYLAN S.P.A.	Autorizzata	Procedura Mutuo riconoscimento o Decentrata	Medicinali soggetti a prescrizione medica
037577095	037577	RAMIPRIL MYLAN GENERICS	2.5 MG COMPRESSE- 100 COMPRESSE IN BLISTER AL/AL	RAMIPRIL	RAMIPRIL	2.5	milligrammi	Compressa	C09AA05	MYLAN S.P.A.	Autorizzata	Procedura Mutuo riconoscimento o Decentrata	Medicinali soggetti a prescrizione medica
037577196	037577	RAMIPRIL MYLAN GENERICS	5 MG COMPRESSE- 10 COMPRESSE IN BLISTER AL/AL	RAMIPRIL	RAMIPRIL	5	milligrammi	Compressa	C09AA05	MYLAN S.P.A.	Autorizzata	Procedura Mutuo riconoscimento o Decentrata	Medicinali soggetti a prescrizione medica
037577208	037577	RAMIPRIL MYLAN GENERICS	5 MG COMPRESSE- 14 COMPRESSE IN BLISTER AL/AL	RAMIPRIL	RAMIPRIL	5	milligrammi	Compressa	C09AA05	MYLAN S.P.A.	Autorizzata	Procedura Mutuo riconoscimento o Decentrata	Medicinali soggetti a prescrizione medica
037577210	037577	RAMIPRIL MYLAN GENERICS	5 MG COMPRESSE- 20 COMPRESSE IN BLISTER AL/AL	RAMIPRIL	RAMIPRIL	5	milligrammi	Compressa	C09AA05	MYLAN S.P.A.	Autorizzata	Procedura Mutuo riconoscimento o Decentrata	Medicinali soggetti a prescrizione medica
037577222	037577	RAMIPRIL MYLAN GENERICS	5 MG COMPRESSE- 28 COMPRESSE IN BLISTER AL/AL	RAMIPRIL	RAMIPRIL	5	milligrammi	Compressa	C09AA05	MYLAN S.P.A.	Autorizzata	Procedura Mutuo riconoscimento o Decentrata	Medicinali soggetti a prescrizione medica
037577234	037577	RAMIPRIL MYLAN GENERICS	5 MG COMPRESSE- 30 COMPRESSE IN BLISTER AL/AL	RAMIPRIL	RAMIPRIL	5	milligrammi	Compressa	C09AA05	MYLAN S.P.A.	Autorizzata	Procedura Mutuo riconoscimento o Decentrata	Medicinali soggetti a prescrizione medica
037577246	037577	RAMIPRIL MYLAN GENERICS	5 MG COMPRESSE- 42 COMPRESSE IN BLISTER AL/AL	RAMIPRIL	RAMIPRIL	5	milligrammi	Compressa	C09AA05	MYLAN S.P.A.	Autorizzata	Procedura Mutuo riconoscimento o Decentrata	Medicinali soggetti a prescrizione medica
037577259	037577	RAMIPRIL MYLAN GENERICS	5 MG COMPRESSE- 50 COMPRESSE IN BLISTER AL/AL	RAMIPRIL	RAMIPRIL	5	milligrammi	Compressa	C09AA05	MYLAN S.P.A.	Autorizzata	Procedura Mutuo riconoscimento o Decentrata	Medicinali soggetti a prescrizione medica
037577261	037577	RAMIPRIL MYLAN GENERICS	5 MG COMPRESSE- 98 COMPRESSE IN BLISTER AL/AL	RAMIPRIL	RAMIPRIL	5	milligrammi	Compressa	C09AA05	MYLAN S.P.A.	Autorizzata	Procedura Mutuo riconoscimento o Decentrata	Medicinali soggetti a prescrizione medica
037577273	037577	RAMIPRIL MYLAN GENERICS	5 MG COMPRESSE- 100 COMPRESSE IN BLISTER AL/AL	RAMIPRIL	RAMIPRIL	5	milligrammi	Compressa	C09AA05	MYLAN S.P.A.	Autorizzata	Procedura Mutuo riconoscimento o Decentrata	Medicinali soggetti a prescrizione medica
037577374	037577	RAMIPRIL MYLAN GENERICS	10 MG COMPRESSE- 10 COMPRESSE IN BLISTER AL/AL	RAMIPRIL	RAMIPRIL	10	milligrammi	Compressa	C09AA05	MYLAN S.P.A.	Autorizzata	Procedura Mutuo riconoscimento o Decentrata	Medicinali soggetti a prescrizione medica
037577386	037577	RAMIPRIL MYLAN GENERICS	10 MG COMPRESSE- 14 COMPRESSE IN BLISTER AL/AL	RAMIPRIL	RAMIPRIL	10	milligrammi	Compressa	C09AA05	MYLAN S.P.A.	Autorizzata	Procedura Mutuo riconoscimento o Decentrata	Medicinali soggetti a prescrizione medica
037577398	037577	RAMIPRIL MYLAN GENERICS	10 MG COMPRESSE- 20 COMPRESSE IN BLISTER AL/AL	RAMIPRIL	RAMIPRIL	10	milligrammi	Compressa	C09AA05	MYLAN S.P.A.	Autorizzata	Procedura Mutuo riconoscimento o Decentrata	Medicinali soggetti a prescrizione medica
037577400	037577	RAMIPRIL MYLAN GENERICS	10 MG COMPRESSE- 28 COMPRESSE IN BLISTER AL/AL	RAMIPRIL	RAMIPRIL	10	milligrammi	Compressa	C09AA05	MYLAN S.P.A.	Autorizzata	Procedura Mutuo riconoscimento o Decentrata	Medicinali soggetti a prescrizione medica
037577412	037577	RAMIPRIL MYLAN GENERICS	10 MG COMPRESSE- 30 COMPRESSE IN BLISTER AL/AL	RAMIPRIL	RAMIPRIL	10	milligrammi	Compressa	C09AA05	MYLAN S.P.A.	Autorizzata	Procedura Mutuo riconoscimento o Decentrata	Medicinali soggetti a prescrizione medica
037577424	037577	RAMIPRIL MYLAN GENERICS	10 MG COMPRESSE- 42 COMPRESSE IN BLISTER AL/AL	RAMIPRIL	RAMIPRIL	10	milligrammi	Compressa	C09AA05	MYLAN S.P.A.	Autorizzata	Procedura Mutuo riconoscimento o Decentrata	Medicinali soggetti a prescrizione medica
037577436	037577	RAMIPRIL MYLAN GENERICS	10 MG COMPRESSE- 50 COMPRESSE IN BLISTER AL/AL	RAMIPRIL	RAMIPRIL	10	milligrammi	Compressa	C09AA05	MYLAN S.P.A.	Autorizzata	Procedura Mutuo riconoscimento o Decentrata	Medicinali soggetti a prescrizione medica
037577448	037577	RAMIPRIL MYLAN GENERICS	10 MG COMPRESSE- 98 COMPRESSE IN BLISTER AL/AL	RAMIPRIL	RAMIPRIL	10	milligrammi	Compressa	C09AA05	MYLAN S.P.A.	Autorizzata	Procedura Mutuo riconoscimento o Decentrata	Medicinali soggetti a prescrizione medica
037577451	037577	RAMIPRIL MYLAN GENERICS	10 MG COMPRESSE- 100 COMPRESSE IN BLISTER AL/AL	RAMIPRIL	RAMIPRIL	10	milligrammi	Compressa	C09AA05	MYLAN S.P.A.	Autorizzata	Procedura Mutuo riconoscimento o Decentrata	Medicinali soggetti a prescrizione medica
037585015	037585	RAMIPRIL PENSA	2.5 MG COMPRESSE- 10 COMPRESSE IN BLISTER AL/AL	RAMIPRIL	RAMIPRIL			Compressa	C09AA05	TOWA PHARMACEUTICAL S.P.A.	Autorizzata	Procedura Mutuo riconoscimento o Decentrata	Medicinali soggetti a prescrizione medica
037585027	037585	RAMIPRIL PENSA	2.5 MG COMPRESSE- 14 COMPRESSE IN BLISTER AL/AL	RAMIPRIL	RAMIPRIL			Compressa	C09AA05	TOWA PHARMACEUTICAL S.P.A.	Autorizzata	Procedura Mutuo riconoscimento o Decentrata	Medicinali soggetti a prescrizione medica
037585039	037585	RAMIPRIL PENSA	2.5 MG COMPRESSE- 20 COMPRESSE IN BLISTER AL/AL	RAMIPRIL	RAMIPRIL			Compressa	C09AA05	TOWA PHARMACEUTICAL S.P.A.	Autorizzata	Procedura Mutuo riconoscimento o Decentrata	Medicinali soggetti a prescrizione medica
037585041	037585	RAMIPRIL PENSA	2.5 MG COMPRESSE- 28 COMPRESSE IN BLISTER AL/AL	RAMIPRIL	RAMIPRIL			Compressa	C09AA05	TOWA PHARMACEUTICAL S.P.A.	Autorizzata	Procedura Mutuo riconoscimento o Decentrata	Medicinali soggetti a prescrizione medica
037585054	037585	RAMIPRIL PENSA	2.5 MG COMPRESSE- 30 COMPRESSE IN BLISTER AL/AL	RAMIPRIL	RAMIPRIL			Compressa	C09AA05	TOWA PHARMACEUTICAL S.P.A.	Autorizzata	Procedura Mutuo riconoscimento o Decentrata	Medicinali soggetti a prescrizione medica
037585066	037585	RAMIPRIL PENSA	2.5 MG COMPRESSE- 42 COMPRESSE IN BLISTER AL/AL	RAMIPRIL	RAMIPRIL			Compressa	C09AA05	TOWA PHARMACEUTICAL S.P.A.	Autorizzata	Procedura Mutuo riconoscimento o Decentrata	Medicinali soggetti a prescrizione medica
037585078	037585	RAMIPRIL PENSA	2.5 MG COMPRESSE- 50 COMPRESSE IN BLISTER AL/AL	RAMIPRIL	RAMIPRIL			Compressa	C09AA05	TOWA PHARMACEUTICAL S.P.A.	Autorizzata	Procedura Mutuo riconoscimento o Decentrata	Medicinali soggetti a prescrizione medica
037585080	037585	RAMIPRIL PENSA	2.5 MG COMPRESSE- 98 COMPRESSE IN BLISTER AL/AL	RAMIPRIL	RAMIPRIL			Compressa	C09AA05	TOWA PHARMACEUTICAL S.P.A.	Autorizzata	Procedura Mutuo riconoscimento o Decentrata	Medicinali soggetti a prescrizione medica
037585092	037585	RAMIPRIL PENSA	2.5 MG COMPRESSE- 100 COMPRESSE IN BLISTER AL/AL	RAMIPRIL	RAMIPRIL			Compressa	C09AA05	TOWA PHARMACEUTICAL S.P.A.	Autorizzata	Procedura Mutuo riconoscimento o Decentrata	Medicinali soggetti a prescrizione medica
037585193	037585	RAMIPRIL PENSA	5 MG COMPRESSE- 10 COMPRESSE IN BLISTER AL/AL	RAMIPRIL	RAMIPRIL	5	milligrammi	Compressa	C09AA05	TOWA PHARMACEUTICAL S.P.A.	Autorizzata	Procedura Mutuo riconoscimento o Decentrata	Medicinali soggetti a prescrizione medica
037585205	037585	RAMIPRIL PENSA	5 MG COMPRESSE- 14 COMPRESSE IN BLISTER AL/AL	RAMIPRIL	RAMIPRIL	5	milligrammi	Compressa	C09AA05	TOWA PHARMACEUTICAL S.P.A.	Autorizzata	Procedura Mutuo riconoscimento o Decentrata	Medicinali soggetti a prescrizione medica
037585217	037585	RAMIPRIL PENSA	5 MG COMPRESSE- 20 COMPRESSE IN BLISTER AL/AL	RAMIPRIL	RAMIPRIL	5	milligrammi	Compressa	C09AA05	TOWA PHARMACEUTICAL S.P.A.	Autorizzata	Procedura Mutuo riconoscimento o Decentrata	Medicinali soggetti a prescrizione medica
037585229	037585	RAMIPRIL PENSA	5 MG COMPRESSE- 28 COMPRESSE IN BLISTER AL/AL	RAMIPRIL	RAMIPRIL	5	milligrammi	Compressa	C09AA05	TOWA PHARMACEUTICAL S.P.A.	Autorizzata	Procedura Mutuo riconoscimento o Decentrata	Medicinali soggetti a prescrizione medica
037585231	037585	RAMIPRIL PENSA	5 MG COMPRESSE- 30 COMPRESSE IN BLISTER AL/AL	RAMIPRIL	RAMIPRIL	5	milligrammi	Compressa	C09AA05	TOWA PHARMACEUTICAL S.P.A.	Autorizzata	Procedura Mutuo riconoscimento o Decentrata	Medicinali soggetti a prescrizione medica
037585243	037585	RAMIPRIL PENSA	5 MG COMPRESSE- 42 COMPRESSE IN BLISTER AL/AL	RAMIPRIL	RAMIPRIL	5	milligrammi	Compressa	C09AA05	TOWA PHARMACEUTICAL S.P.A.	Autorizzata	Procedura Mutuo riconoscimento o Decentrata	Medicinali soggetti a prescrizione medica
037585256	037585	RAMIPRIL PENSA	5 MG COMPRESSE- 50 COMPRESSE IN BLISTER AL/AL	RAMIPRIL	RAMIPRIL	5	milligrammi	Compressa	C09AA05	TOWA PHARMACEUTICAL S.P.A.	Autorizzata	Procedura Mutuo riconoscimento o Decentrata	Medicinali soggetti a prescrizione medica
037585268	037585	RAMIPRIL PENSA	5 MG COMPRESSE- 98 COMPRESSE IN BLISTER AL/AL	RAMIPRIL	RAMIPRIL	5	milligrammi	Compressa	C09AA05	TOWA PHARMACEUTICAL S.P.A.	Autorizzata	Procedura Mutuo riconoscimento o Decentrata	Medicinali soggetti a prescrizione medica
037585270	037585	RAMIPRIL PENSA	5 MG COMPRESSE- 100 COMPRESSE IN BLISTER AL/AL	RAMIPRIL	RAMIPRIL	5	milligrammi	Compressa	C09AA05	TOWA PHARMACEUTICAL S.P.A.	Autorizzata	Procedura Mutuo riconoscimento o Decentrata	Medicinali soggetti a prescrizione medica
037585371	037585	RAMIPRIL PENSA	10 MG COMPRESSE- 10 COMPRESSE IN BLISTER AL/AL	RAMIPRIL	RAMIPRIL			Compressa	C09AA05	TOWA PHARMACEUTICAL S.P.A.	Autorizzata	Procedura Mutuo riconoscimento o Decentrata	Medicinali soggetti a prescrizione medica
037585383	037585	RAMIPRIL PENSA	10 MG COMPRESSE- 14 COMPRESSE IN BLISTER AL/AL	RAMIPRIL	RAMIPRIL			Compressa	C09AA05	TOWA PHARMACEUTICAL S.P.A.	Autorizzata	Procedura Mutuo riconoscimento o Decentrata	Medicinali soggetti a prescrizione medica
037585395	037585	RAMIPRIL PENSA	10 MG COMPRESSE- 20 COMPRESSE IN BLISTER AL/AL	RAMIPRIL	RAMIPRIL			Compressa	C09AA05	TOWA PHARMACEUTICAL S.P.A.	Autorizzata	Procedura Mutuo riconoscimento o Decentrata	Medicinali soggetti a prescrizione medica
037585407	037585	RAMIPRIL PENSA	10 MG COMPRESSE- 28 COMPRESSE IN BLISTER AL/AL	RAMIPRIL	RAMIPRIL			Compressa	C09AA05	TOWA PHARMACEUTICAL S.P.A.	Autorizzata	Procedura Mutuo riconoscimento o Decentrata	Medicinali soggetti a prescrizione medica
037585419	037585	RAMIPRIL PENSA	10 MG COMPRESSE- 30 COMPRESSE IN BLISTER AL/AL	RAMIPRIL	RAMIPRIL			Compressa	C09AA05	TOWA PHARMACEUTICAL S.P.A.	Autorizzata	Procedura Mutuo riconoscimento o Decentrata	Medicinali soggetti a prescrizione medica
037585421	037585	RAMIPRIL PENSA	10 MG COMPRESSE- 42 COMPRESSE IN BLISTER AL/AL	RAMIPRIL	RAMIPRIL			Compressa	C09AA05	TOWA PHARMACEUTICAL S.P.A.	Autorizzata	Procedura Mutuo riconoscimento o Decentrata	Medicinali soggetti a prescrizione medica
037585433	037585	RAMIPRIL PENSA	10 MG COMPRESSE- 50 COMPRESSE IN BLISTER AL/AL	RAMIPRIL	RAMIPRIL			Compressa	C09AA05	TOWA PHARMACEUTICAL S.P.A.	Autorizzata	Procedura Mutuo riconoscimento o Decentrata	Medicinali soggetti a prescrizione medica
037585445	037585	RAMIPRIL PENSA	10 MG COMPRESSE- 98 COMPRESSE IN BLISTER AL/AL	RAMIPRIL	RAMIPRIL			Compressa	C09AA05	TOWA PHARMACEUTICAL S.P.A.	Autorizzata	Procedura Mutuo riconoscimento o Decentrata	Medicinali soggetti a prescrizione medica
037585458	037585	RAMIPRIL PENSA	10 MG COMPRESSE- 100 COMPRESSE IN BLISTER AL/AL	RAMIPRIL	RAMIPRIL			Compressa	C09AA05	TOWA PHARMACEUTICAL S.P.A.	Autorizzata	Procedura Mutuo riconoscimento o Decentrata	Medicinali soggetti a prescrizione medica
037621024	037621	RAMIPRIL DOC GENERICI	2.5 MG COMPRESSE- 14 COMPRESSE IN BLISTER AL/AL	RAMIPRIL	RAMIPRIL	2.5	milligrammi	Compressa	C09AA05	DOC GENERICI SRL	Autorizzata	Procedura Mutuo riconoscimento o Decentrata	Medicinali soggetti a prescrizione medica
037621048	037621	RAMIPRIL DOC GENERICI	2.5 MG COMPRESSE- 28 COMPRESSE IN BLISTER AL/AL	RAMIPRIL	RAMIPRIL	2.5	milligrammi	Compressa	C09AA05	DOC GENERICI SRL	Autorizzata	Procedura Mutuo riconoscimento o Decentrata	Medicinali soggetti a prescrizione medica
037621202	037621	RAMIPRIL DOC GENERICI	5 MG COMPRESSE- 14 COMPRESSE IN BLISTER AL/AL	RAMIPRIL	RAMIPRIL	5	milligrammi	Compressa	C09AA05	DOC GENERICI SRL	Autorizzata	Procedura Mutuo riconoscimento o Decentrata	Medicinali soggetti a prescrizione medica
037621226	037621	RAMIPRIL DOC GENERICI	5 MG COMPRESSE- 28 COMPRESSE IN BLISTER AL/AL	RAMIPRIL	RAMIPRIL	5	milligrammi	Compressa	C09AA05	DOC GENERICI SRL	Autorizzata	Procedura Mutuo riconoscimento o Decentrata	Medicinali soggetti a prescrizione medica
037621380	037621	RAMIPRIL DOC GENERICI	10 MG COMPRESSE- 14 COMPRESSE IN BLISTER AL/AL	RAMIPRIL	RAMIPRIL	10	milligrammi	Compressa	C09AA05	DOC GENERICI SRL	Autorizzata	Procedura Mutuo riconoscimento o Decentrata	Medicinali soggetti a prescrizione medica
037621404	037621	RAMIPRIL DOC GENERICI	10 MG COMPRESSE- 28 COMPRESSE IN BLISTER AL/AL	RAMIPRIL	RAMIPRIL	10	milligrammi	Compressa	C09AA05	DOC GENERICI SRL	Autorizzata	Procedura Mutuo riconoscimento o Decentrata	Medicinali soggetti a prescrizione medica
037625023	037625	RAMIPRIL SANDOZ	2.5 MG COMPRESSE- 28 COMPRESSE IN STRIP AL/AL	RAMIPRIL	RAMIPRIL			Compressa	C09AA05	SANDOZ S.P.A.	Autorizzata	Procedura Mutuo riconoscimento o Decentrata	Medicinali soggetti a prescrizione medica
037625086	037625	RAMIPRIL SANDOZ	2.5 MG COMPRESSE- 20 COMPRESSE IN CONTENITORE PP	RAMIPRIL	RAMIPRIL			Compressa	C09AA05	SANDOZ S.P.A.	Autorizzata	Procedura Mutuo riconoscimento o Decentrata	Medicinali soggetti a prescrizione medica
037625098	037625	RAMIPRIL SANDOZ	2.5 MG COMPRESSE- 28 COMPRESSE IN CONTENITORE PP	RAMIPRIL	RAMIPRIL			Compressa	C09AA05	SANDOZ S.P.A.	Autorizzata	Procedura Mutuo riconoscimento o Decentrata	Medicinali soggetti a prescrizione medica
037625100	037625	RAMIPRIL SANDOZ	2.5 MG COMPRESSE- 30 COMPRESSE IN CONTENITORE PP	RAMIPRIL	RAMIPRIL			Compressa	C09AA05	SANDOZ S.P.A.	Autorizzata	Procedura Mutuo riconoscimento o Decentrata	Medicinali soggetti a prescrizione medica
037625112	037625	RAMIPRIL SANDOZ	2.5 MG COMPRESSE- 50 COMPRESSE IN CONTENITORE PP	RAMIPRIL	RAMIPRIL			Compressa	C09AA05	SANDOZ S.P.A.	Autorizzata	Procedura Mutuo riconoscimento o Decentrata	Medicinali soggetti a prescrizione medica
037625124	037625	RAMIPRIL SANDOZ	2.5 MG COMPRESSE- 100 COMPRESSE IN CONTENITORE PP	RAMIPRIL	RAMIPRIL			Compressa	C09AA05	SANDOZ S.P.A.	Autorizzata	Procedura Mutuo riconoscimento o Decentrata	Medicinali soggetti a prescrizione medica
037625136	037625	RAMIPRIL SANDOZ	2.5 MG COMPRESSE- 250 COMPRESSE IN CONTENITORE PP	RAMIPRIL	RAMIPRIL			Compressa	C09AA05	SANDOZ S.P.A.	Autorizzata	Procedura Mutuo riconoscimento o Decentrata	Medicinali soggetti a prescrizione medica
037625151	037625	RAMIPRIL SANDOZ	5 MG COMPRESSE- 28 COMPRESSE IN STRIP AL/AL	RAMIPRIL	RAMIPRIL			Compressa	C09AA05	SANDOZ S.P.A.	Autorizzata	Procedura Mutuo riconoscimento o Decentrata	Medicinali soggetti a prescrizione medica
037625213	037625	RAMIPRIL SANDOZ	5 MG COMPRESSE- 20 COMPRESSE IN CONTENITORE PP	RAMIPRIL	RAMIPRIL			Compressa	C09AA05	SANDOZ S.P.A.	Autorizzata	Procedura Mutuo riconoscimento o Decentrata	Medicinali soggetti a prescrizione medica
037625225	037625	RAMIPRIL SANDOZ	5 MG COMPRESSE- 28 COMPRESSE IN CONTENITORE PP	RAMIPRIL	RAMIPRIL			Compressa	C09AA05	SANDOZ S.P.A.	Autorizzata	Procedura Mutuo riconoscimento o Decentrata	Medicinali soggetti a prescrizione medica
037625237	037625	RAMIPRIL SANDOZ	5 MG COMPRESSE- 30 COMPRESSE IN CONTENITORE PP	RAMIPRIL	RAMIPRIL			Compressa	C09AA05	SANDOZ S.P.A.	Autorizzata	Procedura Mutuo riconoscimento o Decentrata	Medicinali soggetti a prescrizione medica
037625249	037625	RAMIPRIL SANDOZ	5 MG COMPRESSE- 50 COMPRESSE IN CONTENITORE PP	RAMIPRIL	RAMIPRIL			Compressa	C09AA05	SANDOZ S.P.A.	Autorizzata	Procedura Mutuo riconoscimento o Decentrata	Medicinali soggetti a prescrizione medica
037625252	037625	RAMIPRIL SANDOZ	5 MG COMPRESSE- 100 COMPRESSE IN CONTENITORE PP	RAMIPRIL	RAMIPRIL			Compressa	C09AA05	SANDOZ S.P.A.	Autorizzata	Procedura Mutuo riconoscimento o Decentrata	Medicinali soggetti a prescrizione medica
037625264	037625	RAMIPRIL SANDOZ	5 MG COMPRESSE- 250 COMPRESSE IN CONTENITORE PP	RAMIPRIL	RAMIPRIL			Compressa	C09AA05	SANDOZ S.P.A.	Autorizzata	Procedura Mutuo riconoscimento o Decentrata	Medicinali soggetti a prescrizione medica
037625288	037625	RAMIPRIL SANDOZ	10 MG COMPRESSE- 28 COMPRESSE IN STRIP AL/AL	RAMIPRIL	RAMIPRIL			Compressa	C09AA05	SANDOZ S.P.A.	Autorizzata	Procedura Mutuo riconoscimento o Decentrata	Medicinali soggetti a prescrizione medica
037625340	037625	RAMIPRIL SANDOZ	10 MG COMPRESSE- 20 COMPRESSE IN CONTENITORE PP	RAMIPRIL	RAMIPRIL			Compressa	C09AA05	SANDOZ S.P.A.	Autorizzata	Procedura Mutuo riconoscimento o Decentrata	Medicinali soggetti a prescrizione medica
037625353	037625	RAMIPRIL SANDOZ	10 MG COMPRESSE- 28 COMPRESSE IN CONTENITORE PP	RAMIPRIL	RAMIPRIL			Compressa	C09AA05	SANDOZ S.P.A.	Autorizzata	Procedura Mutuo riconoscimento o Decentrata	Medicinali soggetti a prescrizione medica
037625365	037625	RAMIPRIL SANDOZ	10 MG COMPRESSE- 30 COMPRESSE IN CONTENITORE PP	RAMIPRIL	RAMIPRIL			Compressa	C09AA05	SANDOZ S.P.A.	Autorizzata	Procedura Mutuo riconoscimento o Decentrata	Medicinali soggetti a prescrizione medica
037625377	037625	RAMIPRIL SANDOZ	10 MG COMPRESSE- 50 COMPRESSE IN CONTENITORE PP	RAMIPRIL	RAMIPRIL			Compressa	C09AA05	SANDOZ S.P.A.	Autorizzata	Procedura Mutuo riconoscimento o Decentrata	Medicinali soggetti a prescrizione medica
037625389	037625	RAMIPRIL SANDOZ	10 MG COMPRESSE- 100 COMPRESSE IN CONTENITORE PP	RAMIPRIL	RAMIPRIL			Compressa	C09AA05	SANDOZ S.P.A.	Autorizzata	Procedura Mutuo riconoscimento o Decentrata	Medicinali soggetti a prescrizione medica
037625391	037625	RAMIPRIL SANDOZ	10 MG COMPRESSE- 250 COMPRESSE IN CONTENITORE PP	RAMIPRIL	RAMIPRIL			Compressa	C09AA05	SANDOZ S.P.A.	Autorizzata	Procedura Mutuo riconoscimento o Decentrata	Medicinali soggetti a prescrizione medica
037625403	037625	RAMIPRIL SANDOZ	2.5 MG COMPRESSE- 56 COMPRESSE IN STRIP AL/AL	RAMIPRIL	RAMIPRIL			Compressa	C09AA05	SANDOZ S.P.A.	Autorizzata	Procedura Mutuo riconoscimento o Decentrata	Medicinali soggetti a prescrizione medica
037625415	037625	RAMIPRIL SANDOZ	2.5 MG COMPRESSE- 98 COMPRESSE IN STRIP AL/AL	RAMIPRIL	RAMIPRIL			Compressa	C09AA05	SANDOZ S.P.A.	Autorizzata	Procedura Mutuo riconoscimento o Decentrata	Medicinali soggetti a prescrizione medica
037625427	037625	RAMIPRIL SANDOZ	5 MG COMPRESSE- 56 COMPRESSE IN STRIP AL/AL	RAMIPRIL	RAMIPRIL			Compressa	C09AA05	SANDOZ S.P.A.	Autorizzata	Procedura Mutuo riconoscimento o Decentrata	Medicinali soggetti a prescrizione medica
037625439	037625	RAMIPRIL SANDOZ	5 MG COMPRESSE- 98 COMPRESSE IN STRIP AL/AL	RAMIPRIL	RAMIPRIL			Compressa	C09AA05	SANDOZ S.P.A.	Autorizzata	Procedura Mutuo riconoscimento o Decentrata	Medicinali soggetti a prescrizione medica
037625441	037625	RAMIPRIL SANDOZ	10 MG COMPRESSE- 56 COMPRESSE IN STRIP AL/AL	RAMIPRIL	RAMIPRIL			Compressa	C09AA05	SANDOZ S.P.A.	Autorizzata	Procedura Mutuo riconoscimento o Decentrata	Medicinali soggetti a prescrizione medica
037625454	037625	RAMIPRIL SANDOZ	10 MG COMPRESSE- 98 COMPRESSE IN STRIP AL/AL	RAMIPRIL	RAMIPRIL			Compressa	C09AA05	SANDOZ S.P.A.	Autorizzata	Procedura Mutuo riconoscimento o Decentrata	Medicinali soggetti a prescrizione medica
037625466	037625	RAMIPRIL SANDOZ	2.5 MG COMPRESSE- 14 COMPRESSE IN STRIP AL/AL	RAMIPRIL	RAMIPRIL			Compressa	C09AA05	SANDOZ S.P.A.	Autorizzata	Procedura Mutuo riconoscimento o Decentrata	Medicinali soggetti a prescrizione medica
037625478	037625	RAMIPRIL SANDOZ	5 MG COMPRESSE- 14 COMPRESSE IN STRIP AL/AL	RAMIPRIL	RAMIPRIL			Compressa	C09AA05	SANDOZ S.P.A.	Autorizzata	Procedura Mutuo riconoscimento o Decentrata	Medicinali soggetti a prescrizione medica
037625480	037625	RAMIPRIL SANDOZ	10 MG COMPRESSE- 14 COMPRESSE IN STRIP AL/AL	RAMIPRIL	RAMIPRIL			Compressa	C09AA05	SANDOZ S.P.A.	Autorizzata	Procedura Mutuo riconoscimento o Decentrata	Medicinali soggetti a prescrizione medica
037625492	037625	RAMIPRIL SANDOZ	2,5 MG COMPRESSE- 14 COMPRESSE IN BLISTER AL/AL	RAMIPRIL	RAMIPRIL			Compressa	C09AA05	SANDOZ S.P.A.	Autorizzata	Procedura Mutuo riconoscimento o Decentrata	Medicinali soggetti a prescrizione medica
037625504	037625	RAMIPRIL SANDOZ	2,5 MG COMPRESSE- 28 COMPRESSE IN BLISTER AL/AL	RAMIPRIL	RAMIPRIL			Compressa	C09AA05	SANDOZ S.P.A.	Autorizzata	Procedura Mutuo riconoscimento o Decentrata	Medicinali soggetti a prescrizione medica
037625516	037625	RAMIPRIL SANDOZ	2,5 MG COMPRESSE- 56 COMPRESSE IN BLISTER AL/AL	RAMIPRIL	RAMIPRIL			Compressa	C09AA05	SANDOZ S.P.A.	Autorizzata	Procedura Mutuo riconoscimento o Decentrata	Medicinali soggetti a prescrizione medica
037625528	037625	RAMIPRIL SANDOZ	2.5 MG COMPRESSE- 98 COMPRESSE IN BLISTER AL/AL	RAMIPRIL	RAMIPRIL			Compressa	C09AA05	SANDOZ S.P.A.	Autorizzata	Procedura Mutuo riconoscimento o Decentrata	Medicinali soggetti a prescrizione medica
037625530	037625	RAMIPRIL SANDOZ	5 MG COMPRESSE- 14 COMPRESSE IN BLISTER AL/AL	RAMIPRIL	RAMIPRIL			Compressa	C09AA05	SANDOZ S.P.A.	Autorizzata	Procedura Mutuo riconoscimento o Decentrata	Medicinali soggetti a prescrizione medica
037625542	037625	RAMIPRIL SANDOZ	5 MG COMPRESSE- 28 COMPRESSE IN BLISTER AL/AL	RAMIPRIL	RAMIPRIL			Compressa	C09AA05	SANDOZ S.P.A.	Autorizzata	Procedura Mutuo riconoscimento o Decentrata	Medicinali soggetti a prescrizione medica
037625555	037625	RAMIPRIL SANDOZ	5 MG COMPRESSE- 56 COMPRESSE IN BLISTER AL/AL	RAMIPRIL	RAMIPRIL			Compressa	C09AA05	SANDOZ S.P.A.	Autorizzata	Procedura Mutuo riconoscimento o Decentrata	Medicinali soggetti a prescrizione medica
037625567	037625	RAMIPRIL SANDOZ	5 MG COMPRESSE- 98 COMPRESSE IN BLISTER AL/AL	RAMIPRIL	RAMIPRIL			Compressa	C09AA05	SANDOZ S.P.A.	Autorizzata	Procedura Mutuo riconoscimento o Decentrata	Medicinali soggetti a prescrizione medica
037625579	037625	RAMIPRIL SANDOZ	10 MG COMPRESSE- 14 COMPRESSE IN BLISTER AL/AL	RAMIPRIL	RAMIPRIL			Compressa	C09AA05	SANDOZ S.P.A.	Autorizzata	Procedura Mutuo riconoscimento o Decentrata	Medicinali soggetti a prescrizione medica
037625581	037625	RAMIPRIL SANDOZ	10 MG COMPRESSE- 28 COMPRESSE IN BLISTER AL/AL	RAMIPRIL	RAMIPRIL			Compressa	C09AA05	SANDOZ S.P.A.	Autorizzata	Procedura Mutuo riconoscimento o Decentrata	Medicinali soggetti a prescrizione medica
037625593	037625	RAMIPRIL SANDOZ	10 MG COMPRESSE- 56 COMPRESSE IN BLISTER AL/AL	RAMIPRIL	RAMIPRIL			Compressa	C09AA05	SANDOZ S.P.A.	Autorizzata	Procedura Mutuo riconoscimento o Decentrata	Medicinali soggetti a prescrizione medica
037625605	037625	RAMIPRIL SANDOZ	10 MG COMPRESSE- 98 COMPRESSE IN BLISTER AL/AL	RAMIPRIL	RAMIPRIL			Compressa	C09AA05	SANDOZ S.P.A.	Autorizzata	Procedura Mutuo riconoscimento o Decentrata	Medicinali soggetti a prescrizione medica
037692023	037692	RAMIPRIL ZENTIVA	2,5 MG COMPRESSE - 28 COMPRESSE DIVISIBILI IN BLISTER PVC/AL	RAMIPRIL	RAMIPRIL	2.5	milligrammi	Compressa	C09AA05	ZENTIVA ITALIA S.R.L.	Autorizzata	Procedura Nazionale	Medicinali soggetti a prescrizione medica
037692035	037692	RAMIPRIL ZENTIVA	5 MG COMPRESSE - 14 COMPRESSE DIVISIBILI IN BLISTER PVC/AL	RAMIPRIL	RAMIPRIL	5	milligrammi	Compressa	C09AA05	ZENTIVA ITALIA S.R.L.	Autorizzata	Procedura Nazionale	Medicinali soggetti a prescrizione medica
037692047	037692	RAMIPRIL ZENTIVA	10 MG COMPRESSE - 28 COMPRESSE DIVISIBILI IN BLISTER PVC/AL	RAMIPRIL	RAMIPRIL	10	milligrammi	Compressa	C09AA05	ZENTIVA ITALIA S.R.L.	Autorizzata	Procedura Nazionale	Medicinali soggetti a prescrizione medica
037692050	037692	RAMIPRIL ZENTIVA	2,5 MG COMPRESSE- 7 COMPRESSE IN BLISTER PVC/AL	RAMIPRIL	RAMIPRIL	2.5	milligrammi	Compressa	C09AA05	ZENTIVA ITALIA S.R.L.	Autorizzata	Procedura Mutuo riconoscimento o Decentrata	Medicinali soggetti a prescrizione medica
037692062	037692	RAMIPRIL ZENTIVA	2,5 MG COMPRESSE- 10 COMPRESSE IN BLISTER PVC/AL	RAMIPRIL	RAMIPRIL	2.5	milligrammi	Compressa	C09AA05	ZENTIVA ITALIA S.R.L.	Autorizzata	Procedura Mutuo riconoscimento o Decentrata	Medicinali soggetti a prescrizione medica
037692074	037692	RAMIPRIL ZENTIVA	2,5 MG COMPRESSE- 14 COMPRESSE IN BLISTER PVC/AL	RAMIPRIL	RAMIPRIL	2.5	milligrammi	Compressa	C09AA05	ZENTIVA ITALIA S.R.L.	Autorizzata	Procedura Mutuo riconoscimento o Decentrata	Medicinali soggetti a prescrizione medica
037692086	037692	RAMIPRIL ZENTIVA	2,5 MG COMPRESSE- 15 COMPRESSE IN BLISTER PVC/AL	RAMIPRIL	RAMIPRIL	2.5	milligrammi	Compressa	C09AA05	ZENTIVA ITALIA S.R.L.	Autorizzata	Procedura Mutuo riconoscimento o Decentrata	Medicinali soggetti a prescrizione medica
037692098	037692	RAMIPRIL ZENTIVA	2,5 MG COMPRESSE- 18 COMPRESSE IN BLISTER PVC/AL	RAMIPRIL	RAMIPRIL	2.5	milligrammi	Compressa	C09AA05	ZENTIVA ITALIA S.R.L.	Autorizzata	Procedura Mutuo riconoscimento o Decentrata	Medicinali soggetti a prescrizione medica
037692100	037692	RAMIPRIL ZENTIVA	2,5 MG COMPRESSE- 20 COMPRESSE IN BLISTER PVC/AL	RAMIPRIL	RAMIPRIL	2.5	milligrammi	Compressa	C09AA05	ZENTIVA ITALIA S.R.L.	Autorizzata	Procedura Mutuo riconoscimento o Decentrata	Medicinali soggetti a prescrizione medica
037692112	037692	RAMIPRIL ZENTIVA	2,5 MG COMPRESSE- 30 COMPRESSE IN BLISTER PVC/AL	RAMIPRIL	RAMIPRIL	2.5	milligrammi	Compressa	C09AA05	ZENTIVA ITALIA S.R.L.	Autorizzata	Procedura Mutuo riconoscimento o Decentrata	Medicinali soggetti a prescrizione medica
037692124	037692	RAMIPRIL ZENTIVA	2,5 MG COMPRESSE- 45 COMPRESSE IN BLISTER PVC/AL	RAMIPRIL	RAMIPRIL	2.5	milligrammi	Compressa	C09AA05	ZENTIVA ITALIA S.R.L.	Autorizzata	Procedura Mutuo riconoscimento o Decentrata	Medicinali soggetti a prescrizione medica
037692136	037692	RAMIPRIL ZENTIVA	2,5 MG COMPRESSE- 50 COMPRESSE IN BLISTER PVC/AL	RAMIPRIL	RAMIPRIL	2.5	milligrammi	Compressa	C09AA05	ZENTIVA ITALIA S.R.L.	Autorizzata	Procedura Mutuo riconoscimento o Decentrata	Medicinali soggetti a prescrizione medica
037692148	037692	RAMIPRIL ZENTIVA	2,5 MG COMPRESSE- 60 COMPRESSE IN BLISTER PVC/AL	RAMIPRIL	RAMIPRIL	2.5	milligrammi	Compressa	C09AA05	ZENTIVA ITALIA S.R.L.	Autorizzata	Procedura Mutuo riconoscimento o Decentrata	Medicinali soggetti a prescrizione medica
037692151	037692	RAMIPRIL ZENTIVA	2,5 MG COMPRESSE- 90 COMPRESSE IN BLISTER PVC/AL	RAMIPRIL	RAMIPRIL	2.5	milligrammi	Compressa	C09AA05	ZENTIVA ITALIA S.R.L.	Autorizzata	Procedura Mutuo riconoscimento o Decentrata	Medicinali soggetti a prescrizione medica
037692163	037692	RAMIPRIL ZENTIVA	2,5 MG COMPRESSE- 98 COMPRESSE IN BLISTER PVC/AL	RAMIPRIL	RAMIPRIL	2.5	milligrammi	Compressa	C09AA05	ZENTIVA ITALIA S.R.L.	Autorizzata	Procedura Mutuo riconoscimento o Decentrata	Medicinali soggetti a prescrizione medica
037692175	037692	RAMIPRIL ZENTIVA	2,5 MG COMPRESSE- 99 COMPRESSE IN BLISTER PVC/AL	RAMIPRIL	RAMIPRIL	2.5	milligrammi	Compressa	C09AA05	ZENTIVA ITALIA S.R.L.	Autorizzata	Procedura Mutuo riconoscimento o Decentrata	Medicinali soggetti a prescrizione medica
037692187	037692	RAMIPRIL ZENTIVA	2,5 MG COMPRESSE- 100 COMPRESSE IN BLISTER PVC/AL	RAMIPRIL	RAMIPRIL	2.5	milligrammi	Compressa	C09AA05	ZENTIVA ITALIA S.R.L.	Autorizzata	Procedura Mutuo riconoscimento o Decentrata	Medicinali soggetti a prescrizione medica
037692199	037692	RAMIPRIL ZENTIVA	2,5 MG COMPRESSE- 300 COMPRESSE IN BLISTER PVC/AL	RAMIPRIL	RAMIPRIL	2.5	milligrammi	Compressa	C09AA05	ZENTIVA ITALIA S.R.L.	Autorizzata	Procedura Mutuo riconoscimento o Decentrata	Medicinali soggetti a prescrizione medica limitativa, utilizzabili esclusivamente in ambiente ospedaliero o in una struttura ad esso assimilabile
037692201	037692	RAMIPRIL ZENTIVA	2,5 MG COMPRESSE- 500 COMPRESSE IN BLISTER PVC/AL	RAMIPRIL	RAMIPRIL	2.5	milligrammi	Compressa	C09AA05	ZENTIVA ITALIA S.R.L.	Autorizzata	Procedura Mutuo riconoscimento o Decentrata	Medicinali soggetti a prescrizione medica limitativa, utilizzabili esclusivamente in ambiente ospedaliero o in una struttura ad esso assimilabile
037692225	037692	RAMIPRIL ZENTIVA	5 MG COMPRESSE- 10 COMPRESSE IN BLISTER PVC/AL	RAMIPRIL	RAMIPRIL	5	milligrammi	Compressa	C09AA05	ZENTIVA ITALIA S.R.L.	Autorizzata	Procedura Mutuo riconoscimento o Decentrata	Medicinali soggetti a prescrizione medica
037692237	037692	RAMIPRIL ZENTIVA	5 MG COMPRESSE- 15 COMPRESSE IN BLISTER PVC/AL	RAMIPRIL	RAMIPRIL	5	milligrammi	Compressa	C09AA05	ZENTIVA ITALIA S.R.L.	Autorizzata	Procedura Mutuo riconoscimento o Decentrata	Medicinali soggetti a prescrizione medica
037692249	037692	RAMIPRIL ZENTIVA	5 MG COMPRESSE- 18 COMPRESSE IN BLISTER PVC/AL	RAMIPRIL	RAMIPRIL	5	milligrammi	Compressa	C09AA05	ZENTIVA ITALIA S.R.L.	Autorizzata	Procedura Mutuo riconoscimento o Decentrata	Medicinali soggetti a prescrizione medica
037692252	037692	RAMIPRIL ZENTIVA	5 MG COMPRESSE- 20 COMPRESSE IN BLISTER PVC/AL	RAMIPRIL	RAMIPRIL	5	milligrammi	Compressa	C09AA05	ZENTIVA ITALIA S.R.L.	Autorizzata	Procedura Mutuo riconoscimento o Decentrata	Medicinali soggetti a prescrizione medica
037692264	037692	RAMIPRIL ZENTIVA	5 MG COMPRESSE- 21 COMPRESSE IN BLISTER PVC/AL	RAMIPRIL	RAMIPRIL	5	milligrammi	Compressa	C09AA05	ZENTIVA ITALIA S.R.L.	Autorizzata	Procedura Mutuo riconoscimento o Decentrata	Medicinali soggetti a prescrizione medica
037692276	037692	RAMIPRIL ZENTIVA	5 MG COMPRESSE- 28 COMPRESSE IN BLISTER PVC/AL	RAMIPRIL	RAMIPRIL	5	milligrammi	Compressa	C09AA05	ZENTIVA ITALIA S.R.L.	Autorizzata	Procedura Nazionale	Medicinali soggetti a prescrizione medica
037692288	037692	RAMIPRIL ZENTIVA	5 MG COMPRESSE- 30 COMPRESSE IN BLISTER PVC/AL	RAMIPRIL	RAMIPRIL	5	milligrammi	Compressa	C09AA05	ZENTIVA ITALIA S.R.L.	Autorizzata	Procedura Mutuo riconoscimento o Decentrata	Medicinali soggetti a prescrizione medica
037692290	037692	RAMIPRIL ZENTIVA	5 MG COMPRESSE- 45 COMPRESSE IN BLISTER PVC/AL	RAMIPRIL	RAMIPRIL	5	milligrammi	Compressa	C09AA05	ZENTIVA ITALIA S.R.L.	Autorizzata	Procedura Mutuo riconoscimento o Decentrata	Medicinali soggetti a prescrizione medica
037692302	037692	RAMIPRIL ZENTIVA	5 MG COMPRESSE- 50 COMPRESSE IN BLISTER PVC/AL	RAMIPRIL	RAMIPRIL	5	milligrammi	Compressa	C09AA05	ZENTIVA ITALIA S.R.L.	Autorizzata	Procedura Mutuo riconoscimento o Decentrata	Medicinali soggetti a prescrizione medica
037692314	037692	RAMIPRIL ZENTIVA	5 MG COMPRESSE- 56 COMPRESSE IN BLISTER PVC/AL	RAMIPRIL	RAMIPRIL	5	milligrammi	Compressa	C09AA05	ZENTIVA ITALIA S.R.L.	Autorizzata	Procedura Mutuo riconoscimento o Decentrata	Medicinali soggetti a prescrizione medica
037692326	037692	RAMIPRIL ZENTIVA	5 MG COMPRESSE- 90 COMPRESSE IN BLISTER PVC/AL	RAMIPRIL	RAMIPRIL	5	milligrammi	Compressa	C09AA05	ZENTIVA ITALIA S.R.L.	Autorizzata	Procedura Mutuo riconoscimento o Decentrata	Medicinali soggetti a prescrizione medica
037692338	037692	RAMIPRIL ZENTIVA	5 MG COMPRESSE- 98 COMPRESSE IN BLISTER PVC/AL	RAMIPRIL	RAMIPRIL	5	milligrammi	Compressa	C09AA05	ZENTIVA ITALIA S.R.L.	Autorizzata	Procedura Mutuo riconoscimento o Decentrata	Medicinali soggetti a prescrizione medica
037692340	037692	RAMIPRIL ZENTIVA	5 MG COMPRESSE- 99 COMPRESSE IN BLISTER PVC/AL	RAMIPRIL	RAMIPRIL	5	milligrammi	Compressa	C09AA05	ZENTIVA ITALIA S.R.L.	Autorizzata	Procedura Mutuo riconoscimento o Decentrata	Medicinali soggetti a prescrizione medica
037692353	037692	RAMIPRIL ZENTIVA	5 MG COMPRESSE- 100 COMPRESSE IN BLISTER PVC/AL	RAMIPRIL	RAMIPRIL	5	milligrammi	Compressa	C09AA05	ZENTIVA ITALIA S.R.L.	Autorizzata	Procedura Mutuo riconoscimento o Decentrata	Medicinali soggetti a prescrizione medica
037692365	037692	RAMIPRIL ZENTIVA	5 MG COMPRESSE- 300 COMPRESSE IN BLISTER PVC/AL	RAMIPRIL	RAMIPRIL	5	milligrammi	Compressa	C09AA05	ZENTIVA ITALIA S.R.L.	Autorizzata	Procedura Mutuo riconoscimento o Decentrata	Medicinali soggetti a prescrizione medica limitativa, utilizzabili esclusivamente in ambiente ospedaliero o in una struttura ad esso assimilabile
037692377	037692	RAMIPRIL ZENTIVA	5 MG COMPRESSE- 500 COMPRESSE IN BLISTER PVC/AL	RAMIPRIL	RAMIPRIL	5	milligrammi	Compressa	C09AA05	ZENTIVA ITALIA S.R.L.	Autorizzata	Procedura Mutuo riconoscimento o Decentrata	Medicinali soggetti a prescrizione medica limitativa, utilizzabili esclusivamente in ambiente ospedaliero o in una struttura ad esso assimilabile
037692389	037692	RAMIPRIL ZENTIVA	10 MG COMPRESSE- 7 COMPRESSE IN BLISTER PVC/AL	RAMIPRIL	RAMIPRIL	10	milligrammi	Compressa	C09AA05	ZENTIVA ITALIA S.R.L.	Autorizzata	Procedura Mutuo riconoscimento o Decentrata	Medicinali soggetti a prescrizione medica
037692391	037692	RAMIPRIL ZENTIVA	10 MG COMPRESSE- 10 COMPRESSE IN BLISTER PVC/AL	RAMIPRIL	RAMIPRIL	10	milligrammi	Compressa	C09AA05	ZENTIVA ITALIA S.R.L.	Autorizzata	Procedura Mutuo riconoscimento o Decentrata	Medicinali soggetti a prescrizione medica
037692403	037692	RAMIPRIL ZENTIVA	10 MG COMPRESSE- 14 COMPRESSE IN BLISTER PVC/AL	RAMIPRIL	RAMIPRIL	10	milligrammi	Compressa	C09AA05	ZENTIVA ITALIA S.R.L.	Autorizzata	Procedura Mutuo riconoscimento o Decentrata	Medicinali soggetti a prescrizione medica
037692415	037692	RAMIPRIL ZENTIVA	10 MG COMPRESSE- 15 COMPRESSE IN BLISTER PVC/AL	RAMIPRIL	RAMIPRIL	10	milligrammi	Compressa	C09AA05	ZENTIVA ITALIA S.R.L.	Autorizzata	Procedura Mutuo riconoscimento o Decentrata	Medicinali soggetti a prescrizione medica
037692427	037692	RAMIPRIL ZENTIVA	10 MG COMPRESSE- 18 COMPRESSE IN BLISTER PVC/AL	RAMIPRIL	RAMIPRIL	10	milligrammi	Compressa	C09AA05	ZENTIVA ITALIA S.R.L.	Autorizzata	Procedura Mutuo riconoscimento o Decentrata	Medicinali soggetti a prescrizione medica
037692439	037692	RAMIPRIL ZENTIVA	10 MG COMPRESSE- 20 COMPRESSE IN BLISTER PVC/AL	RAMIPRIL	RAMIPRIL	10	milligrammi	Compressa	C09AA05	ZENTIVA ITALIA S.R.L.	Autorizzata	Procedura Mutuo riconoscimento o Decentrata	Medicinali soggetti a prescrizione medica
037692441	037692	RAMIPRIL ZENTIVA	10 MG COMPRESSE- 30 COMPRESSE IN BLISTER PVC/AL	RAMIPRIL	RAMIPRIL	10	milligrammi	Compressa	C09AA05	ZENTIVA ITALIA S.R.L.	Autorizzata	Procedura Mutuo riconoscimento o Decentrata	Medicinali soggetti a prescrizione medica
037692454	037692	RAMIPRIL ZENTIVA	10 MG COMPRESSE- 45 COMPRESSE IN BLISTER PVC/AL	RAMIPRIL	RAMIPRIL	10	milligrammi	Compressa	C09AA05	ZENTIVA ITALIA S.R.L.	Autorizzata	Procedura Mutuo riconoscimento o Decentrata	Medicinali soggetti a prescrizione medica
037692466	037692	RAMIPRIL ZENTIVA	10 MG COMPRESSE- 50 COMPRESSE IN BLISTER PVC/AL	RAMIPRIL	RAMIPRIL	10	milligrammi	Compressa	C09AA05	ZENTIVA ITALIA S.R.L.	Autorizzata	Procedura Mutuo riconoscimento o Decentrata	Medicinali soggetti a prescrizione medica
037692478	037692	RAMIPRIL ZENTIVA	10 MG COMPRESSE- 56 COMPRESSE IN BLISTER PVC/AL	RAMIPRIL	RAMIPRIL	10	milligrammi	Compressa	C09AA05	ZENTIVA ITALIA S.R.L.	Autorizzata	Procedura Mutuo riconoscimento o Decentrata	Medicinali soggetti a prescrizione medica
037692480	037692	RAMIPRIL ZENTIVA	10 MG COMPRESSE- 90 COMPRESSE IN BLISTER PVC/AL	RAMIPRIL	RAMIPRIL	10	milligrammi	Compressa	C09AA05	ZENTIVA ITALIA S.R.L.	Autorizzata	Procedura Mutuo riconoscimento o Decentrata	Medicinali soggetti a prescrizione medica
037692492	037692	RAMIPRIL ZENTIVA	10 MG COMPRESSE- 98 COMPRESSE IN BLISTER PVC/AL	RAMIPRIL	RAMIPRIL	10	milligrammi	Compressa	C09AA05	ZENTIVA ITALIA S.R.L.	Autorizzata	Procedura Mutuo riconoscimento o Decentrata	Medicinali soggetti a prescrizione medica
037692504	037692	RAMIPRIL ZENTIVA	10 MG COMPRESSE- 99 COMPRESSE IN BLISTER PVC/AL	RAMIPRIL	RAMIPRIL	10	milligrammi	Compressa	C09AA05	ZENTIVA ITALIA S.R.L.	Autorizzata	Procedura Mutuo riconoscimento o Decentrata	Medicinali soggetti a prescrizione medica
037692516	037692	RAMIPRIL ZENTIVA	10 MG COMPRESSE- 100 COMPRESSE IN BLISTER PVC/AL	RAMIPRIL	RAMIPRIL	10	milligrammi	Compressa	C09AA05	ZENTIVA ITALIA S.R.L.	Autorizzata	Procedura Mutuo riconoscimento o Decentrata	Medicinali soggetti a prescrizione medica
037692528	037692	RAMIPRIL ZENTIVA	10 MG COMPRESSE- 300 COMPRESSE IN BLISTER PVC/AL	RAMIPRIL	RAMIPRIL	10	milligrammi	Compressa	C09AA05	ZENTIVA ITALIA S.R.L.	Autorizzata	Procedura Mutuo riconoscimento o Decentrata	Medicinali soggetti a prescrizione medica limitativa, utilizzabili esclusivamente in ambiente ospedaliero o in una struttura ad esso assimilabile
037692530	037692	RAMIPRIL ZENTIVA	10 MG COMPRESSE- 500 COMPRESSE IN BLISTER PVC/AL	RAMIPRIL	RAMIPRIL	10	milligrammi	Compressa	C09AA05	ZENTIVA ITALIA S.R.L.	Autorizzata	Procedura Mutuo riconoscimento o Decentrata	Medicinali soggetti a prescrizione medica limitativa, utilizzabili esclusivamente in ambiente ospedaliero o in una struttura ad esso assimilabile
037692542	037692	RAMIPRIL ZENTIVA	2,5 MG COMPRESSE- 500 COMPRESSE IN FLACONE IN VETRO	RAMIPRIL	RAMIPRIL	2.5	milligrammi	Compressa	C09AA05	ZENTIVA ITALIA S.R.L.	Autorizzata	Procedura Mutuo riconoscimento o Decentrata	Medicinali soggetti a prescrizione medica limitativa, utilizzabili esclusivamente in ambiente ospedaliero o in una struttura ad esso assimilabile
037692555	037692	RAMIPRIL ZENTIVA	5 MG COMPRESSE- 500 COMPRESSE IN FLACONE IN VETRO	RAMIPRIL	RAMIPRIL	5	milligrammi	Compressa	C09AA05	ZENTIVA ITALIA S.R.L.	Autorizzata	Procedura Mutuo riconoscimento o Decentrata	Medicinali soggetti a prescrizione medica limitativa, utilizzabili esclusivamente in ambiente ospedaliero o in una struttura ad esso assimilabile
037692567	037692	RAMIPRIL ZENTIVA	10 MG COMPRESSE- 28 COMPRESSE IN FLACONE IN VETRO	RAMIPRIL	RAMIPRIL	10	milligrammi	Compressa	C09AA05	ZENTIVA ITALIA S.R.L.	Autorizzata	Procedura Mutuo riconoscimento o Decentrata	Medicinali soggetti a prescrizione medica
037692579	037692	RAMIPRIL ZENTIVA	10 MG COMPRESSE- 56 COMPRESSE IN FLACONE IN VETRO	RAMIPRIL	RAMIPRIL	10	milligrammi	Compressa	C09AA05	ZENTIVA ITALIA S.R.L.	Autorizzata	Procedura Mutuo riconoscimento o Decentrata	Medicinali soggetti a prescrizione medica
037692581	037692	RAMIPRIL ZENTIVA	10 MG COMPRESSE- 500 COMPRESSE IN FLACONE IN VETRO	RAMIPRIL	RAMIPRIL	10	milligrammi	Compressa	C09AA05	ZENTIVA ITALIA S.R.L.	Autorizzata	Procedura Mutuo riconoscimento o Decentrata	Medicinali soggetti a prescrizione medica limitativa, utilizzabili esclusivamente in ambiente ospedaliero o in una struttura ad esso assimilabile
037785019	037785	RAMIPRIL GIT	1,25 MG COMPRESSE- 10 COMPRESSE IN BLISTER AL/AL	RAMIPRIL	RAMIPRIL	1.25	milligrammi	Compressa	C09AA05	S.F. GROUP S.R.L.	Autorizzata	Procedura Mutuo riconoscimento o Decentrata	Medicinali soggetti a prescrizione medica
037785021	037785	RAMIPRIL GIT	1,25 MG COMPRESSE- 14 COMPRESSE IN BLISTER AL/AL	RAMIPRIL	RAMIPRIL	1.25	milligrammi	Compressa	C09AA05	S.F. GROUP S.R.L.	Autorizzata	Procedura Mutuo riconoscimento o Decentrata	Medicinali soggetti a prescrizione medica
037785033	037785	RAMIPRIL GIT	1,25 MG COMPRESSE- 20 COMPRESSE IN BLISTER AL/AL	RAMIPRIL	RAMIPRIL	1.25	milligrammi	Compressa	C09AA05	S.F. GROUP S.R.L.	Autorizzata	Procedura Mutuo riconoscimento o Decentrata	Medicinali soggetti a prescrizione medica
037785045	037785	RAMIPRIL GIT	1,25 MG COMPRESSE- 28 COMPRESSE IN BLISTER AL/AL	RAMIPRIL	RAMIPRIL	1.25	milligrammi	Compressa	C09AA05	S.F. GROUP S.R.L.	Autorizzata	Procedura Mutuo riconoscimento o Decentrata	Medicinali soggetti a prescrizione medica
037785058	037785	RAMIPRIL GIT	1,25 MG COMPRESSE- 30 COMPRESSE IN BLISTER AL/AL	RAMIPRIL	RAMIPRIL	1.25	milligrammi	Compressa	C09AA05	S.F. GROUP S.R.L.	Autorizzata	Procedura Mutuo riconoscimento o Decentrata	Medicinali soggetti a prescrizione medica
037785060	037785	RAMIPRIL GIT	1,25 MG COMPRESSE- 42 COMPRESSE IN BLISTER AL/AL	RAMIPRIL	RAMIPRIL	1.25	milligrammi	Compressa	C09AA05	S.F. GROUP S.R.L.	Autorizzata	Procedura Mutuo riconoscimento o Decentrata	Medicinali soggetti a prescrizione medica
037785072	037785	RAMIPRIL GIT	1,25 MG COMPRESSE- 50 COMPRESSE IN BLISTER AL/AL	RAMIPRIL	RAMIPRIL	1.25	milligrammi	Compressa	C09AA05	S.F. GROUP S.R.L.	Autorizzata	Procedura Mutuo riconoscimento o Decentrata	Medicinali soggetti a prescrizione medica
037785084	037785	RAMIPRIL GIT	1,25 MG COMPRESSE- 98 COMPRESSE IN BLISTER AL/AL	RAMIPRIL	RAMIPRIL	1.25	milligrammi	Compressa	C09AA05	S.F. GROUP S.R.L.	Autorizzata	Procedura Mutuo riconoscimento o Decentrata	Medicinali soggetti a prescrizione medica
037785096	037785	RAMIPRIL GIT	1,25 MG COMPRESSE- 100 COMPRESSE IN BLISTER AL/AL	RAMIPRIL	RAMIPRIL	1.25	milligrammi	Compressa	C09AA05	S.F. GROUP S.R.L.	Autorizzata	Procedura Mutuo riconoscimento o Decentrata	Medicinali soggetti a prescrizione medica
037785197	037785	RAMIPRIL GIT	2,5 MG COMPRESSE- 10 COMPRESSE IN BLISTER AL/AL	RAMIPRIL	RAMIPRIL	2.5	milligrammi	Compressa	C09AA05	S.F. GROUP S.R.L.	Autorizzata	Procedura Mutuo riconoscimento o Decentrata	Medicinali soggetti a prescrizione medica
037785209	037785	RAMIPRIL GIT	2,5 MG COMPRESSE- 14 COMPRESSE IN BLISTER AL/AL	RAMIPRIL	RAMIPRIL	2.5	milligrammi	Compressa	C09AA05	S.F. GROUP S.R.L.	Autorizzata	Procedura Mutuo riconoscimento o Decentrata	Medicinali soggetti a prescrizione medica
037785211	037785	RAMIPRIL GIT	2,5 MG COMPRESSE- 20 COMPRESSE IN BLISTER AL/AL	RAMIPRIL	RAMIPRIL	2.5	milligrammi	Compressa	C09AA05	S.F. GROUP S.R.L.	Autorizzata	Procedura Mutuo riconoscimento o Decentrata	Medicinali soggetti a prescrizione medica
037785223	037785	RAMIPRIL GIT	2,5 MG COMPRESSE- 28 COMPRESSE IN BLISTER AL/AL	RAMIPRIL	RAMIPRIL	2.5	milligrammi	Compressa	C09AA05	S.F. GROUP S.R.L.	Autorizzata	Procedura Mutuo riconoscimento o Decentrata	Medicinali soggetti a prescrizione medica
037785235	037785	RAMIPRIL GIT	2,5 MG COMPRESSE- 30 COMPRESSE IN BLISTER AL/AL	RAMIPRIL	RAMIPRIL	2.5	milligrammi	Compressa	C09AA05	S.F. GROUP S.R.L.	Autorizzata	Procedura Mutuo riconoscimento o Decentrata	Medicinali soggetti a prescrizione medica
037785247	037785	RAMIPRIL GIT	2,5 MG COMPRESSE- 42 COMPRESSE IN BLISTER AL/AL	RAMIPRIL	RAMIPRIL	2.5	milligrammi	Compressa	C09AA05	S.F. GROUP S.R.L.	Autorizzata	Procedura Mutuo riconoscimento o Decentrata	Medicinali soggetti a prescrizione medica
037785250	037785	RAMIPRIL GIT	2,5 MG COMPRESSE- 50 COMPRESSE IN BLISTER AL/AL	RAMIPRIL	RAMIPRIL	2.5	milligrammi	Compressa	C09AA05	S.F. GROUP S.R.L.	Autorizzata	Procedura Mutuo riconoscimento o Decentrata	Medicinali soggetti a prescrizione medica
037785262	037785	RAMIPRIL GIT	2,5 MG COMPRESSE- 98 COMPRESSE IN BLISTER AL/AL	RAMIPRIL	RAMIPRIL	2.5	milligrammi	Compressa	C09AA05	S.F. GROUP S.R.L.	Autorizzata	Procedura Mutuo riconoscimento o Decentrata	Medicinali soggetti a prescrizione medica
037785274	037785	RAMIPRIL GIT	2,5 MG COMPRESSE- 100 COMPRESSE IN BLISTER AL/AL	RAMIPRIL	RAMIPRIL	2.5	milligrammi	Compressa	C09AA05	S.F. GROUP S.R.L.	Autorizzata	Procedura Mutuo riconoscimento o Decentrata	Medicinali soggetti a prescrizione medica
037785375	037785	RAMIPRIL GIT	5 MG COMPRESSE- 10 COMPRESSE IN BLISTER AL/AL	RAMIPRIL	RAMIPRIL	5	milligrammi	Compressa	C09AA05	S.F. GROUP S.R.L.	Autorizzata	Procedura Mutuo riconoscimento o Decentrata	Medicinali soggetti a prescrizione medica
037785387	037785	RAMIPRIL GIT	5 MG COMPRESSE- 14 COMPRESSE IN BLISTER AL/AL	RAMIPRIL	RAMIPRIL	5	milligrammi	Compressa	C09AA05	S.F. GROUP S.R.L.	Autorizzata	Procedura Mutuo riconoscimento o Decentrata	Medicinali soggetti a prescrizione medica
037785399	037785	RAMIPRIL GIT	5 MG COMPRESSE- 20 COMPRESSE IN BLISTER AL/AL	RAMIPRIL	RAMIPRIL	5	milligrammi	Compressa	C09AA05	S.F. GROUP S.R.L.	Autorizzata	Procedura Mutuo riconoscimento o Decentrata	Medicinali soggetti a prescrizione medica
037785401	037785	RAMIPRIL GIT	5 MG COMPRESSE- 28 COMPRESSE IN BLISTER AL/AL	RAMIPRIL	RAMIPRIL	5	milligrammi	Compressa	C09AA05	S.F. GROUP S.R.L.	Autorizzata	Procedura Mutuo riconoscimento o Decentrata	Medicinali soggetti a prescrizione medica
037785413	037785	RAMIPRIL GIT	5 MG COMPRESSE- 30 COMPRESSE IN BLISTER AL/AL	RAMIPRIL	RAMIPRIL	5	milligrammi	Compressa	C09AA05	S.F. GROUP S.R.L.	Autorizzata	Procedura Mutuo riconoscimento o Decentrata	Medicinali soggetti a prescrizione medica
037785425	037785	RAMIPRIL GIT	5 MG COMPRESSE- 42 COMPRESSE IN BLISTER AL/AL	RAMIPRIL	RAMIPRIL	5	milligrammi	Compressa	C09AA05	S.F. GROUP S.R.L.	Autorizzata	Procedura Mutuo riconoscimento o Decentrata	Medicinali soggetti a prescrizione medica
037785437	037785	RAMIPRIL GIT	5 MG COMPRESSE- 50 COMPRESSE IN BLISTER AL/AL	RAMIPRIL	RAMIPRIL	5	milligrammi	Compressa	C09AA05	S.F. GROUP S.R.L.	Autorizzata	Procedura Mutuo riconoscimento o Decentrata	Medicinali soggetti a prescrizione medica
037785449	037785	RAMIPRIL GIT	5 MG COMPRESSE- 98 COMPRESSE IN BLISTER AL/AL	RAMIPRIL	RAMIPRIL	5	milligrammi	Compressa	C09AA05	S.F. GROUP S.R.L.	Autorizzata	Procedura Mutuo riconoscimento o Decentrata	Medicinali soggetti a prescrizione medica
037785452	037785	RAMIPRIL GIT	5 MG COMPRESSE- 100 COMPRESSE IN BLISTER AL/AL	RAMIPRIL	RAMIPRIL	5	milligrammi	Compressa	C09AA05	S.F. GROUP S.R.L.	Autorizzata	Procedura Mutuo riconoscimento o Decentrata	Medicinali soggetti a prescrizione medica
037785553	037785	RAMIPRIL GIT	10 MG COMPRESSE- 10 COMPRESSE IN BLISTER AL/AL	RAMIPRIL	RAMIPRIL	10	milligrammi	Compressa	C09AA05	S.F. GROUP S.R.L.	Autorizzata	Procedura Mutuo riconoscimento o Decentrata	Medicinali soggetti a prescrizione medica
037785565	037785	RAMIPRIL GIT	10 MG COMPRESSE- 14 COMPRESSE IN BLISTER AL/AL	RAMIPRIL	RAMIPRIL	10	milligrammi	Compressa	C09AA05	S.F. GROUP S.R.L.	Autorizzata	Procedura Mutuo riconoscimento o Decentrata	Medicinali soggetti a prescrizione medica
037785577	037785	RAMIPRIL GIT	10 MG COMPRESSE- 20 COMPRESSE IN BLISTER AL/AL	RAMIPRIL	RAMIPRIL	10	milligrammi	Compressa	C09AA05	S.F. GROUP S.R.L.	Autorizzata	Procedura Mutuo riconoscimento o Decentrata	Medicinali soggetti a prescrizione medica
037785589	037785	RAMIPRIL GIT	10 MG COMPRESSE- 28 COMPRESSE IN BLISTER AL/AL	RAMIPRIL	RAMIPRIL	10	milligrammi	Compressa	C09AA05	S.F. GROUP S.R.L.	Autorizzata	Procedura Mutuo riconoscimento o Decentrata	Medicinali soggetti a prescrizione medica
037785591	037785	RAMIPRIL GIT	10 MG COMPRESSE- 30 COMPRESSE IN BLISTER AL/AL	RAMIPRIL	RAMIPRIL	10	milligrammi	Compressa	C09AA05	S.F. GROUP S.R.L.	Autorizzata	Procedura Mutuo riconoscimento o Decentrata	Medicinali soggetti a prescrizione medica
037785603	037785	RAMIPRIL GIT	10 MG COMPRESSE- 42 COMPRESSE IN BLISTER AL/AL	RAMIPRIL	RAMIPRIL	10	milligrammi	Compressa	C09AA05	S.F. GROUP S.R.L.	Autorizzata	Procedura Mutuo riconoscimento o Decentrata	Medicinali soggetti a prescrizione medica
037785615	037785	RAMIPRIL GIT	10 MG COMPRESSE- 50 COMPRESSE IN BLISTER AL/AL	RAMIPRIL	RAMIPRIL	10	milligrammi	Compressa	C09AA05	S.F. GROUP S.R.L.	Autorizzata	Procedura Mutuo riconoscimento o Decentrata	Medicinali soggetti a prescrizione medica
037785627	037785	RAMIPRIL GIT	10 MG COMPRESSE- 98 COMPRESSE IN BLISTER AL/AL	RAMIPRIL	RAMIPRIL	10	milligrammi	Compressa	C09AA05	S.F. GROUP S.R.L.	Autorizzata	Procedura Mutuo riconoscimento o Decentrata	Medicinali soggetti a prescrizione medica
037785639	037785	RAMIPRIL GIT	10 MG COMPRESSE- 100 COMPRESSE IN BLISTER AL/AL	RAMIPRIL	RAMIPRIL	10	milligrammi	Compressa	C09AA05	S.F. GROUP S.R.L.	Autorizzata	Procedura Mutuo riconoscimento o Decentrata	Medicinali soggetti a prescrizione medica
038214019	038214	HERZATEC	2,5 MG COMPRESSE - 28 COMPRESSE DIVISIBILI	RAMIPRIL	RAMIPRIL	2.5	milligrammi	Compressa	C09AA05	EPIFARMA S.R.L	Autorizzata	Procedura Nazionale	Medicinali soggetti a prescrizione medica
038214021	038214	HERZATEC	5 MG COMPRESSE - 14 COMPRESSE DIVISIBILI	RAMIPRIL	RAMIPRIL	5	milligrammi	Compressa	C09AA05	EPIFARMA S.R.L	Autorizzata	Procedura Nazionale	Medicinali soggetti a prescrizione medica
038214033	038214	HERZATEC	10 MG COMPRESSE - 28 COMPRESSE DIVISIBILI	RAMIPRIL	RAMIPRIL	10	milligrammi	Compressa	C09AA05	EPIFARMA S.R.L	Autorizzata	Procedura Nazionale	Medicinali soggetti a prescrizione medica
038240026	038240	NORAPRIL	2,5 MG COMPRESSE- 28 COMPRESSE IN BLISTER PVDC/PVC/AL	RAMIPRIL	RAMIPRIL	2.5	milligrammi	Compressa	C09AA05	S.F. GROUP S.R.L.	Autorizzata	Procedura Mutuo riconoscimento o Decentrata	Medicinali soggetti a prescrizione medica
038240038	038240	NORAPRIL	5 MG COMPRESSE- 14 COMPRESSE IN BLISTER PVDC/PVC/AL	RAMIPRIL	RAMIPRIL	5	milligrammi	Compressa	C09AA05	S.F. GROUP S.R.L.	Autorizzata	Procedura Mutuo riconoscimento o Decentrata	Medicinali soggetti a prescrizione medica
038240040	038240	NORAPRIL	10 MG COMPRESSE- 28 COMPRESSE IN BLISTER PVDC/PVC/AL	RAMIPRIL	RAMIPRIL	10	milligrammi	Compressa	C09AA05	S.F. GROUP S.R.L.	Autorizzata	Procedura Mutuo riconoscimento o Decentrata	Medicinali soggetti a prescrizione medica
038271019	038271	ECLIPSE	2,5 MG COMPRESSE - 28 COMPRESSE DIVISIBILI	RAMIPRIL	RAMIPRIL	2.5	milligrammi	Compressa	C09AA05	S.F. GROUP S.R.L.	Autorizzata	Procedura Nazionale	Medicinali soggetti a prescrizione medica
038271021	038271	ECLIPSE	5 MG COMPRESSE - 14 COMPRESSE DIVISIBILI	RAMIPRIL	RAMIPRIL	5	milligrammi	Compressa	C09AA05	S.F. GROUP S.R.L.	Autorizzata	Procedura Nazionale	Medicinali soggetti a prescrizione medica
038271033	038271	ECLIPSE	10 MG COMPRESSE - 28 COMPRESSE DIVISIBILI	RAMIPRIL	RAMIPRIL	10	milligrammi	Compressa	C09AA05	S.F. GROUP S.R.L.	Autorizzata	Procedura Nazionale	Medicinali soggetti a prescrizione medica
038272011	038272	RAMIPRIL ABC	2,5 MG COMPRESSE - 28 COMPRESSE	RAMIPRIL	RAMIPRIL	2.5	milligrammi	Compressa	C09AA05	ICE S.P.A	Autorizzata	Procedura Nazionale	Medicinali soggetti a prescrizione medica
038272023	038272	RAMIPRIL ABC	5 MG COMPRESSE - 14 COMPRESSE	RAMIPRIL	RAMIPRIL	5	milligrammi	Compressa	C09AA05	ICE S.P.A	Autorizzata	Procedura Nazionale	Medicinali soggetti a prescrizione medica
038272035	038272	RAMIPRIL ABC	10 MG COMPRESSE - 28 COMPRESSE	RAMIPRIL	RAMIPRIL	10	milligrammi	Compressa	C09AA05	ICE S.P.A	Autorizzata	Procedura Nazionale	Medicinali soggetti a prescrizione medica
038272047	038272	RAMIPRIL ABC	5 MG COMPRESSE- 28 COMPRESSE IN BLISTER PVC/AL	RAMIPRIL	RAMIPRIL	5	milligrammi	Compressa	C09AA05	ICE S.P.A	Autorizzata	Procedura Nazionale	Medicinali soggetti a prescrizione medica
038273013	038273	KRUPIL	2,5 MG COMPRESSE - 28 COMPRESSE DIVISIBILI	RAMIPRIL	RAMIPRIL	2.5	milligrammi	Compressa	C09AA05	SO.SE.PHARM S.R.L. SOCIETA' DI SERVIZIO PER L'INDUSTRIA FARMACEUTICA ED AFFINI	Autorizzata	Procedura Nazionale	Medicinali soggetti a prescrizione medica
038273025	038273	KRUPIL	5 MG COMPRESSE - 14 COMPRESSE DIVISIBILI	RAMIPRIL	RAMIPRIL	5	milligrammi	Compressa	C09AA05	SO.SE.PHARM S.R.L. SOCIETA' DI SERVIZIO PER L'INDUSTRIA FARMACEUTICA ED AFFINI	Autorizzata	Procedura Nazionale	Medicinali soggetti a prescrizione medica
038273037	038273	KRUPIL	10 MG COMPRESSE - 28 COMPRESSE DIVISIBILI	RAMIPRIL	RAMIPRIL	10	milligrammi	Compressa	C09AA05	SO.SE.PHARM S.R.L. SOCIETA' DI SERVIZIO PER L'INDUSTRIA FARMACEUTICA ED AFFINI	Autorizzata	Procedura Nazionale	Medicinali soggetti a prescrizione medica
038273049	038273	KRUPIL	5 MG COMPRESSE- 28 COMPRESSE IN BLISTER PVC/AL	RAMIPRIL	RAMIPRIL	5	milligrammi	Compressa	C09AA05	SO.SE.PHARM S.R.L. SOCIETA' DI SERVIZIO PER L'INDUSTRIA FARMACEUTICA ED AFFINI	Autorizzata	Procedura Nazionale	Medicinali soggetti a prescrizione medica
038355018	038355	TENSIRAM	2,5 MG COMPRESSE- 28 COMPRESSE DIVISIBILI	RAMIPRIL	RAMIPRIL	2.5	milligrammi	Compressa	C09AA05	I.B.N. SAVIO S.R.L	Autorizzata	Procedura Nazionale	Medicinali soggetti a prescrizione medica
038355020	038355	TENSIRAM	5 MG COMPRESSE- 14 COMPRESSE DIVISIBILI	RAMIPRIL	RAMIPRIL	5	milligrammi	Compressa	C09AA05	I.B.N. SAVIO S.R.L	Autorizzata	Procedura Nazionale	Medicinali soggetti a prescrizione medica
038355032	038355	TENSIRAM	10 MG COMPRESSE- 28 COMPRESSE DIVISIBILI	RAMIPRIL	RAMIPRIL	10	milligrammi	Compressa	C09AA05	I.B.N. SAVIO S.R.L	Autorizzata	Procedura Nazionale	Medicinali soggetti a prescrizione medica
039728011	039728	RAMIPRIL AUROBINDO	5 MG COMPRESSE - 7 COMPRESSE IN BLISTER PA/AL/PVC/AL	RAMIPRIL	RAMIPRIL	5	milligrammi	Compressa	C09AA05	AUROBINDO PHARMA (ITALIA) S.R.L.	Autorizzata	Procedura Mutuo riconoscimento o Decentrata	Medicinali soggetti a prescrizione medica
039728023	039728	RAMIPRIL AUROBINDO	5 MG COMPRESSE - 10 COMPRESSE IN BLISTER PA/AL/PVC/AL	RAMIPRIL	RAMIPRIL	5	milligrammi	Compressa	C09AA05	AUROBINDO PHARMA (ITALIA) S.R.L.	Autorizzata	Procedura Mutuo riconoscimento o Decentrata	Medicinali soggetti a prescrizione medica
039728035	039728	RAMIPRIL AUROBINDO	5 MG COMPRESSE - 14 COMPRESSE IN BLISTER PA/AL/PVC/AL	RAMIPRIL	RAMIPRIL	5	milligrammi	Compressa	C09AA05	AUROBINDO PHARMA (ITALIA) S.R.L.	Autorizzata	Procedura Mutuo riconoscimento o Decentrata	Medicinali soggetti a prescrizione medica
039728047	039728	RAMIPRIL AUROBINDO	5 MG COMPRESSE - 20 COMPRESSE IN BLISTER PA/AL/PVC/AL	RAMIPRIL	RAMIPRIL	5	milligrammi	Compressa	C09AA05	AUROBINDO PHARMA (ITALIA) S.R.L.	Autorizzata	Procedura Mutuo riconoscimento o Decentrata	Medicinali soggetti a prescrizione medica
039728050	039728	RAMIPRIL AUROBINDO	5 MG COMPRESSE - 28 COMPRESSE IN BLISTER PA/AL/PVC/AL	RAMIPRIL	RAMIPRIL	5	milligrammi	Compressa	C09AA05	AUROBINDO PHARMA (ITALIA) S.R.L.	Autorizzata	Procedura Mutuo riconoscimento o Decentrata	Medicinali soggetti a prescrizione medica
039728062	039728	RAMIPRIL AUROBINDO	5 MG COMPRESSE - 30 COMPRESSE IN BLISTER PA/AL/PVC/AL	RAMIPRIL	RAMIPRIL	5	milligrammi	Compressa	C09AA05	AUROBINDO PHARMA (ITALIA) S.R.L.	Autorizzata	Procedura Mutuo riconoscimento o Decentrata	Medicinali soggetti a prescrizione medica
039728074	039728	RAMIPRIL AUROBINDO	5 MG COMPRESSE - 42 COMPRESSE IN BLISTER PA/AL/PVC/AL	RAMIPRIL	RAMIPRIL	5	milligrammi	Compressa	C09AA05	AUROBINDO PHARMA (ITALIA) S.R.L.	Autorizzata	Procedura Mutuo riconoscimento o Decentrata	Medicinali soggetti a prescrizione medica
039728086	039728	RAMIPRIL AUROBINDO	5 MG COMPRESSE - 50 COMPRESSE IN BLISTER PA/AL/PVC/AL	RAMIPRIL	RAMIPRIL	5	milligrammi	Compressa	C09AA05	AUROBINDO PHARMA (ITALIA) S.R.L.	Autorizzata	Procedura Mutuo riconoscimento o Decentrata	Medicinali soggetti a prescrizione medica
039728098	039728	RAMIPRIL AUROBINDO	5 MG COMPRESSE - 56 COMPRESSE IN BLISTER PA/AL/PVC/AL	RAMIPRIL	RAMIPRIL	5	milligrammi	Compressa	C09AA05	AUROBINDO PHARMA (ITALIA) S.R.L.	Autorizzata	Procedura Mutuo riconoscimento o Decentrata	Medicinali soggetti a prescrizione medica
039728100	039728	RAMIPRIL AUROBINDO	5 MG COMPRESSE - 60 COMPRESSE IN BLISTER PA/AL/PVC/AL	RAMIPRIL	RAMIPRIL	5	milligrammi	Compressa	C09AA05	AUROBINDO PHARMA (ITALIA) S.R.L.	Autorizzata	Procedura Mutuo riconoscimento o Decentrata	Medicinali soggetti a prescrizione medica
039728112	039728	RAMIPRIL AUROBINDO	5 MG COMPRESSE - 98 COMPRESSE IN BLISTER PA/AL/PVC/AL	RAMIPRIL	RAMIPRIL	5	milligrammi	Compressa	C09AA05	AUROBINDO PHARMA (ITALIA) S.R.L.	Autorizzata	Procedura Mutuo riconoscimento o Decentrata	Medicinali soggetti a prescrizione medica
039728124	039728	RAMIPRIL AUROBINDO	5 MG COMPRESSE - 100 COMPRESSE IN BLISTER PA/AL/PVC/AL	RAMIPRIL	RAMIPRIL	5	milligrammi	Compressa	C09AA05	AUROBINDO PHARMA (ITALIA) S.R.L.	Autorizzata	Procedura Mutuo riconoscimento o Decentrata	Medicinali soggetti a prescrizione medica
039728136	039728	RAMIPRIL AUROBINDO	5 MG COMPRESSE - 500 COMPRESSE IN BLISTER PA/AL/PVC/AL	RAMIPRIL	RAMIPRIL	5	milligrammi	Compressa	C09AA05	AUROBINDO PHARMA (ITALIA) S.R.L.	Autorizzata	Procedura Mutuo riconoscimento o Decentrata	Medicinali soggetti a prescrizione medica
039728148	039728	RAMIPRIL AUROBINDO	5 MG COMPRESSE - 30 COMPRESSE IN CONTENITORE HDPE	RAMIPRIL	RAMIPRIL	5	milligrammi	Compressa	C09AA05	AUROBINDO PHARMA (ITALIA) S.R.L.	Autorizzata	Procedura Mutuo riconoscimento o Decentrata	Medicinali soggetti a prescrizione medica
039728151	039728	RAMIPRIL AUROBINDO	5 MG COMPRESSE - 1000 COMPRESSE IN CONTENITORE HDPE	RAMIPRIL	RAMIPRIL	5	milligrammi	Compressa	C09AA05	AUROBINDO PHARMA (ITALIA) S.R.L.	Autorizzata	Procedura Mutuo riconoscimento o Decentrata	Medicinali soggetti a prescrizione medica
039728163	039728	RAMIPRIL AUROBINDO	10 MG COMPRESSE - 1000 COMPRESSE IN CONTENITORE HDPE	RAMIPRIL	RAMIPRIL	10	milligrammi	Compressa	C09AA05	AUROBINDO PHARMA (ITALIA) S.R.L.	Autorizzata	Procedura Mutuo riconoscimento o Decentrata	Medicinali soggetti a prescrizione medica
039728175	039728	RAMIPRIL AUROBINDO	10 MG COMPRESSE - 30 COMPRESSE IN CONTENITORE HDPE	RAMIPRIL	RAMIPRIL	10	milligrammi	Compressa	C09AA05	AUROBINDO PHARMA (ITALIA) S.R.L.	Autorizzata	Procedura Mutuo riconoscimento o Decentrata	Medicinali soggetti a prescrizione medica
039728187	039728	RAMIPRIL AUROBINDO	10 MG COMPRESSE - 20 COMPRESSE IN BLISTER PA/AL/PVC/AL	RAMIPRIL	RAMIPRIL	10	milligrammi	Compressa	C09AA05	AUROBINDO PHARMA (ITALIA) S.R.L.	Autorizzata	Procedura Mutuo riconoscimento o Decentrata	Medicinali soggetti a prescrizione medica
039728199	039728	RAMIPRIL AUROBINDO	10 MG COMPRESSE - 28 COMPRESSE IN BLISTER PA/AL/PVC/AL	RAMIPRIL	RAMIPRIL	10	milligrammi	Compressa	C09AA05	AUROBINDO PHARMA (ITALIA) S.R.L.	Autorizzata	Procedura Mutuo riconoscimento o Decentrata	Medicinali soggetti a prescrizione medica
039728201	039728	RAMIPRIL AUROBINDO	10 MG COMPRESSE - 30 COMPRESSE IN BLISTER PA/AL/PVC/AL	RAMIPRIL	RAMIPRIL	10	milligrammi	Compressa	C09AA05	AUROBINDO PHARMA (ITALIA) S.R.L.	Autorizzata	Procedura Mutuo riconoscimento o Decentrata	Medicinali soggetti a prescrizione medica
039728213	039728	RAMIPRIL AUROBINDO	10 MG COMPRESSE - 50 COMPRESSE IN BLISTER PA/AL/PVC/AL	RAMIPRIL	RAMIPRIL	10	milligrammi	Compressa	C09AA05	AUROBINDO PHARMA (ITALIA) S.R.L.	Autorizzata	Procedura Mutuo riconoscimento o Decentrata	Medicinali soggetti a prescrizione medica
039728225	039728	RAMIPRIL AUROBINDO	10 MG COMPRESSE - 56 COMPRESSE IN BLISTER PA/AL/PVC/AL	RAMIPRIL	RAMIPRIL	10	milligrammi	Compressa	C09AA05	AUROBINDO PHARMA (ITALIA) S.R.L.	Autorizzata	Procedura Mutuo riconoscimento o Decentrata	Medicinali soggetti a prescrizione medica
039728237	039728	RAMIPRIL AUROBINDO	10 MG COMPRESSE - 60 COMPRESSE IN BLISTER PA/AL/PVC/AL	RAMIPRIL	RAMIPRIL	10	milligrammi	Compressa	C09AA05	AUROBINDO PHARMA (ITALIA) S.R.L.	Autorizzata	Procedura Mutuo riconoscimento o Decentrata	Medicinali soggetti a prescrizione medica
039728249	039728	RAMIPRIL AUROBINDO	10 MG COMPRESSE - 98 COMPRESSE IN BLISTER PA/AL/PVC/AL	RAMIPRIL	RAMIPRIL	10	milligrammi	Compressa	C09AA05	AUROBINDO PHARMA (ITALIA) S.R.L.	Autorizzata	Procedura Mutuo riconoscimento o Decentrata	Medicinali soggetti a prescrizione medica
039728252	039728	RAMIPRIL AUROBINDO	10 MG COMPRESSE - 100 COMPRESSE IN BLISTER PA/AL/PVC/AL	RAMIPRIL	RAMIPRIL	10	milligrammi	Compressa	C09AA05	AUROBINDO PHARMA (ITALIA) S.R.L.	Autorizzata	Procedura Mutuo riconoscimento o Decentrata	Medicinali soggetti a prescrizione medica
039728264	039728	RAMIPRIL AUROBINDO	10 MG COMPRESSE - 500 COMPRESSE IN BLISTER PA/AL/PVC/AL	RAMIPRIL	RAMIPRIL	10	milligrammi	Compressa	C09AA05	AUROBINDO PHARMA (ITALIA) S.R.L.	Autorizzata	Procedura Mutuo riconoscimento o Decentrata	Medicinali soggetti a prescrizione medica
039728276	039728	RAMIPRIL AUROBINDO	2,5 MG COMPRESSE- 20 COMPRESSE IN BLISTER PA/AL/PVC/AL	RAMIPRIL	RAMIPRIL	2.5	milligrammi	Compressa	C09AA05	AUROBINDO PHARMA (ITALIA) S.R.L.	Autorizzata	Procedura Mutuo riconoscimento o Decentrata	Medicinali soggetti a prescrizione medica
039728288	039728	RAMIPRIL AUROBINDO	2,5 MG COMPRESSE- 28 COMPRESSE IN BLISTER PA/AL/PVC/AL	RAMIPRIL	RAMIPRIL	2.5	milligrammi	Compressa	C09AA05	AUROBINDO PHARMA (ITALIA) S.R.L.	Autorizzata	Procedura Mutuo riconoscimento o Decentrata	Medicinali soggetti a prescrizione medica
039728290	039728	RAMIPRIL AUROBINDO	2,5 MG COMPRESSE- 30 COMPRESSE IN BLISTER PA/AL/PVC/AL	RAMIPRIL	RAMIPRIL	2.5	milligrammi	Compressa	C09AA05	AUROBINDO PHARMA (ITALIA) S.R.L.	Autorizzata	Procedura Mutuo riconoscimento o Decentrata	Medicinali soggetti a prescrizione medica
039728302	039728	RAMIPRIL AUROBINDO	2,5 MG COMPRESSE- 50 COMPRESSE IN BLISTER PA/AL/PVC/AL	RAMIPRIL	RAMIPRIL	2.5	milligrammi	Compressa	C09AA05	AUROBINDO PHARMA (ITALIA) S.R.L.	Autorizzata	Procedura Mutuo riconoscimento o Decentrata	Medicinali soggetti a prescrizione medica
039728314	039728	RAMIPRIL AUROBINDO	2,5 MG COMPRESSE- 60 COMPRESSE IN BLISTER PA/AL/PVC/AL	RAMIPRIL	RAMIPRIL	2.5	milligrammi	Compressa	C09AA05	AUROBINDO PHARMA (ITALIA) S.R.L.	Autorizzata	Procedura Mutuo riconoscimento o Decentrata	Medicinali soggetti a prescrizione medica
039728326	039728	RAMIPRIL AUROBINDO	2,5 MG COMPRESSE- 90 COMPRESSE IN BLISTER PA/AL/PVC/AL	RAMIPRIL	RAMIPRIL	2.5	milligrammi	Compressa	C09AA05	AUROBINDO PHARMA (ITALIA) S.R.L.	Autorizzata	Procedura Mutuo riconoscimento o Decentrata	Medicinali soggetti a prescrizione medica
039728338	039728	RAMIPRIL AUROBINDO	2,5 MG COMPRESSE- 98 COMPRESSE IN BLISTER PA/AL/PVC/AL	RAMIPRIL	RAMIPRIL	2.5	milligrammi	Compressa	C09AA05	AUROBINDO PHARMA (ITALIA) S.R.L.	Autorizzata	Procedura Mutuo riconoscimento o Decentrata	Medicinali soggetti a prescrizione medica
039728340	039728	RAMIPRIL AUROBINDO	2,5 MG COMPRESSE- 100 COMPRESSE IN BLISTER PA/AL/PVC/AL	RAMIPRIL	RAMIPRIL	2.5	milligrammi	Compressa	C09AA05	AUROBINDO PHARMA (ITALIA) S.R.L.	Autorizzata	Procedura Mutuo riconoscimento o Decentrata	Medicinali soggetti a prescrizione medica
039728353	039728	RAMIPRIL AUROBINDO	2,5 MG COMPRESSE- 500 COMPRESSE IN BLISTER PA/AL/PVC/AL	RAMIPRIL	RAMIPRIL	2.5	milligrammi	Compressa	C09AA05	AUROBINDO PHARMA (ITALIA) S.R.L.	Autorizzata	Procedura Mutuo riconoscimento o Decentrata	Medicinali soggetti a prescrizione medica
039728365	039728	RAMIPRIL AUROBINDO	2,5 MG COMPRESSE- 30 COMPRESSE IN FLACONE HDPE	RAMIPRIL	RAMIPRIL	2.5	milligrammi	Compressa	C09AA05	AUROBINDO PHARMA (ITALIA) S.R.L.	Autorizzata	Procedura Mutuo riconoscimento o Decentrata	Medicinali soggetti a prescrizione medica
039728377	039728	RAMIPRIL AUROBINDO	2,5 MG COMPRESSE- 1000 COMPRESSE IN FLACONE HDPE	RAMIPRIL	RAMIPRIL	2.5	milligrammi	Compressa	C09AA05	AUROBINDO PHARMA (ITALIA) S.R.L.	Autorizzata	Procedura Mutuo riconoscimento o Decentrata	Medicinali soggetti a prescrizione medica
041792019	041792	RAMIPRIL KRKA	1,25 MG COMPRESSE- 10 COMPRESSE IN BLISTER OPA/AL/PVC/AL	RAMIPRIL	RAMIPRIL	1.25	milligrammi	Compressa	C09AA05	KRKA D.D. NOVO MESTO	Autorizzata	Procedura Mutuo riconoscimento o Decentrata	Medicinali soggetti a prescrizione medica
041792021	041792	RAMIPRIL KRKA	1,25 MG COMPRESSE- 14 COMPRESSE IN BLISTER OPA/AL/PVC/AL	RAMIPRIL	RAMIPRIL	1.25	milligrammi	Compressa	C09AA05	KRKA D.D. NOVO MESTO	Autorizzata	Procedura Mutuo riconoscimento o Decentrata	Medicinali soggetti a prescrizione medica
041792033	041792	RAMIPRIL KRKA	1,25 MG COMPRESSE- 20 COMPRESSE IN BLISTER OPA/AL/PVC/AL	RAMIPRIL	RAMIPRIL	1.25	milligrammi	Compressa	C09AA05	KRKA D.D. NOVO MESTO	Autorizzata	Procedura Mutuo riconoscimento o Decentrata	Medicinali soggetti a prescrizione medica
041792045	041792	RAMIPRIL KRKA	1,25 MG COMPRESSE- 28 COMPRESSE IN BLISTER OPA/AL/PVC/AL	RAMIPRIL	RAMIPRIL	1.25	milligrammi	Compressa	C09AA05	KRKA D.D. NOVO MESTO	Autorizzata	Procedura Mutuo riconoscimento o Decentrata	Medicinali soggetti a prescrizione medica
041792058	041792	RAMIPRIL KRKA	1,25 MG COMPRESSE- 30 COMPRESSE IN BLISTER OPA/AL/PVC/AL	RAMIPRIL	RAMIPRIL	1.25	milligrammi	Compressa	C09AA05	KRKA D.D. NOVO MESTO	Autorizzata	Procedura Mutuo riconoscimento o Decentrata	Medicinali soggetti a prescrizione medica
041792060	041792	RAMIPRIL KRKA	1,25 MG COMPRESSE- 50 COMPRESSE IN BLISTER OPA/AL/PVC/AL	RAMIPRIL	RAMIPRIL	1.25	milligrammi	Compressa	C09AA05	KRKA D.D. NOVO MESTO	Autorizzata	Procedura Mutuo riconoscimento o Decentrata	Medicinali soggetti a prescrizione medica
041792072	041792	RAMIPRIL KRKA	1,25 MG COMPRESSE- 60 COMPRESSE IN BLISTER OPA/AL/PVC/AL	RAMIPRIL	RAMIPRIL	1.25	milligrammi	Compressa	C09AA05	KRKA D.D. NOVO MESTO	Autorizzata	Procedura Mutuo riconoscimento o Decentrata	Medicinali soggetti a prescrizione medica
041792084	041792	RAMIPRIL KRKA	1,25 MG COMPRESSE- 90 COMPRESSE IN BLISTER OPA/AL/PVC/AL	RAMIPRIL	RAMIPRIL	1.25	milligrammi	Compressa	C09AA05	KRKA D.D. NOVO MESTO	Autorizzata	Procedura Mutuo riconoscimento o Decentrata	Medicinali soggetti a prescrizione medica
041792096	041792	RAMIPRIL KRKA	1,25 MG COMPRESSE- 100 COMPRESSE IN BLISTER OPA/AL/PVC/AL	RAMIPRIL	RAMIPRIL	1.25	milligrammi	Compressa	C09AA05	KRKA D.D. NOVO MESTO	Autorizzata	Procedura Mutuo riconoscimento o Decentrata	Medicinali soggetti a prescrizione medica
041792108	041792	RAMIPRIL KRKA	2,5 MG COMPRESSE- 10 COMPRESSE IN BLISTER OPA/AL/PVC/AL	RAMIPRIL	RAMIPRIL	2.5	milligrammi	Compressa	C09AA05	KRKA D.D. NOVO MESTO	Autorizzata	Procedura Mutuo riconoscimento o Decentrata	Medicinali soggetti a prescrizione medica
041792110	041792	RAMIPRIL KRKA	2,5 MG COMPRESSE- 14 COMPRESSE IN BLISTER OPA/AL/PVC/AL	RAMIPRIL	RAMIPRIL	2.5	milligrammi	Compressa	C09AA05	KRKA D.D. NOVO MESTO	Autorizzata	Procedura Mutuo riconoscimento o Decentrata	Medicinali soggetti a prescrizione medica
041792122	041792	RAMIPRIL KRKA	2,5 MG COMPRESSE- 20 COMPRESSE IN BLISTER OPA/AL/PVC/AL	RAMIPRIL	RAMIPRIL	2.5	milligrammi	Compressa	C09AA05	KRKA D.D. NOVO MESTO	Autorizzata	Procedura Mutuo riconoscimento o Decentrata	Medicinali soggetti a prescrizione medica
041792134	041792	RAMIPRIL KRKA	2,5 MG COMPRESSE- 28 COMPRESSE IN BLISTER OPA/AL/PVC/AL	RAMIPRIL	RAMIPRIL	2.5	milligrammi	Compressa	C09AA05	KRKA D.D. NOVO MESTO	Autorizzata	Procedura Mutuo riconoscimento o Decentrata	Medicinali soggetti a prescrizione medica
041792146	041792	RAMIPRIL KRKA	2,5 MG COMPRESSE- 30 COMPRESSE IN BLISTER OPA/AL/PVC/AL	RAMIPRIL	RAMIPRIL	2.5	milligrammi	Compressa	C09AA05	KRKA D.D. NOVO MESTO	Autorizzata	Procedura Mutuo riconoscimento o Decentrata	Medicinali soggetti a prescrizione medica
041792159	041792	RAMIPRIL KRKA	2,5 MG COMPRESSE- 50 COMPRESSE IN BLISTER OPA/AL/PVC/AL	RAMIPRIL	RAMIPRIL	2.5	milligrammi	Compressa	C09AA05	KRKA D.D. NOVO MESTO	Autorizzata	Procedura Mutuo riconoscimento o Decentrata	Medicinali soggetti a prescrizione medica
041792161	041792	RAMIPRIL KRKA	2,5 MG COMPRESSE- 60 COMPRESSE IN BLISTER OPA/AL/PVC/AL	RAMIPRIL	RAMIPRIL	2.5	milligrammi	Compressa	C09AA05	KRKA D.D. NOVO MESTO	Autorizzata	Procedura Mutuo riconoscimento o Decentrata	Medicinali soggetti a prescrizione medica
041792173	041792	RAMIPRIL KRKA	2,5 MG COMPRESSE- 90 COMPRESSE IN BLISTER OPA/AL/PVC/AL	RAMIPRIL	RAMIPRIL	2.5	milligrammi	Compressa	C09AA05	KRKA D.D. NOVO MESTO	Autorizzata	Procedura Mutuo riconoscimento o Decentrata	Medicinali soggetti a prescrizione medica
041792185	041792	RAMIPRIL KRKA	2,5 MG COMPRESSE- 100 COMPRESSE IN BLISTER OPA/AL/PVC/AL	RAMIPRIL	RAMIPRIL	2.5	milligrammi	Compressa	C09AA05	KRKA D.D. NOVO MESTO	Autorizzata	Procedura Mutuo riconoscimento o Decentrata	Medicinali soggetti a prescrizione medica
041792197	041792	RAMIPRIL KRKA	5 MG COMPRESSE- 10 COMPRESSE IN BLISTER OPA/AL/PVC/AL	RAMIPRIL	RAMIPRIL	5	milligrammi	Compressa	C09AA05	KRKA D.D. NOVO MESTO	Autorizzata	Procedura Mutuo riconoscimento o Decentrata	Medicinali soggetti a prescrizione medica
041792209	041792	RAMIPRIL KRKA	5 MG COMPRESSE- 14 COMPRESSE IN BLISTER OPA/AL/PVC/AL	RAMIPRIL	RAMIPRIL	5	milligrammi	Compressa	C09AA05	KRKA D.D. NOVO MESTO	Autorizzata	Procedura Mutuo riconoscimento o Decentrata	Medicinali soggetti a prescrizione medica
041792211	041792	RAMIPRIL KRKA	5 MG COMPRESSE- 20 COMPRESSE IN BLISTER OPA/AL/PVC/AL	RAMIPRIL	RAMIPRIL	5	milligrammi	Compressa	C09AA05	KRKA D.D. NOVO MESTO	Autorizzata	Procedura Mutuo riconoscimento o Decentrata	Medicinali soggetti a prescrizione medica
041792223	041792	RAMIPRIL KRKA	5 MG COMPRESSE- 28 COMPRESSE IN BLISTER OPA/AL/PVC/AL	RAMIPRIL	RAMIPRIL	5	milligrammi	Compressa	C09AA05	KRKA D.D. NOVO MESTO	Autorizzata	Procedura Mutuo riconoscimento o Decentrata	Medicinali soggetti a prescrizione medica
041792235	041792	RAMIPRIL KRKA	5 MG COMPRESSE- 30 COMPRESSE IN BLISTER OPA/AL/PVC/AL	RAMIPRIL	RAMIPRIL	5	milligrammi	Compressa	C09AA05	KRKA D.D. NOVO MESTO	Autorizzata	Procedura Mutuo riconoscimento o Decentrata	Medicinali soggetti a prescrizione medica
041792247	041792	RAMIPRIL KRKA	5 MG COMPRESSE- 50 COMPRESSE IN BLISTER OPA/AL/PVC/AL	RAMIPRIL	RAMIPRIL	5	milligrammi	Compressa	C09AA05	KRKA D.D. NOVO MESTO	Autorizzata	Procedura Mutuo riconoscimento o Decentrata	Medicinali soggetti a prescrizione medica
041792250	041792	RAMIPRIL KRKA	5 MG COMPRESSE- 60 COMPRESSE IN BLISTER OPA/AL/PVC/AL	RAMIPRIL	RAMIPRIL	5	milligrammi	Compressa	C09AA05	KRKA D.D. NOVO MESTO	Autorizzata	Procedura Mutuo riconoscimento o Decentrata	Medicinali soggetti a prescrizione medica
041792262	041792	RAMIPRIL KRKA	5 MG COMPRESSE- 90 COMPRESSE IN BLISTER OPA/AL/PVC/AL	RAMIPRIL	RAMIPRIL	5	milligrammi	Compressa	C09AA05	KRKA D.D. NOVO MESTO	Autorizzata	Procedura Mutuo riconoscimento o Decentrata	Medicinali soggetti a prescrizione medica
041792274	041792	RAMIPRIL KRKA	5 MG COMPRESSE- 100 COMPRESSE IN BLISTER OPA/AL/PVC/AL	RAMIPRIL	RAMIPRIL	5	milligrammi	Compressa	C09AA05	KRKA D.D. NOVO MESTO	Autorizzata	Procedura Mutuo riconoscimento o Decentrata	Medicinali soggetti a prescrizione medica
041792286	041792	RAMIPRIL KRKA	10 MG COMPRESSE- 10 COMPRESSE IN BLISTER OPA/AL/PVC/AL	RAMIPRIL	RAMIPRIL	10	milligrammi	Compressa	C09AA05	KRKA D.D. NOVO MESTO	Autorizzata	Procedura Mutuo riconoscimento o Decentrata	Medicinali soggetti a prescrizione medica
041792298	041792	RAMIPRIL KRKA	10 MG COMPRESSE- 14 COMPRESSE IN BLISTER OPA/AL/PVC/AL	RAMIPRIL	RAMIPRIL	10	milligrammi	Compressa	C09AA05	KRKA D.D. NOVO MESTO	Autorizzata	Procedura Mutuo riconoscimento o Decentrata	Medicinali soggetti a prescrizione medica
041792300	041792	RAMIPRIL KRKA	10 MG COMPRESSE- 20 COMPRESSE IN BLISTER OPA/AL/PVC/AL	RAMIPRIL	RAMIPRIL	10	milligrammi	Compressa	C09AA05	KRKA D.D. NOVO MESTO	Autorizzata	Procedura Mutuo riconoscimento o Decentrata	Medicinali soggetti a prescrizione medica
041792312	041792	RAMIPRIL KRKA	10 MG COMPRESSE- 28 COMPRESSE IN BLISTER OPA/AL/PVC/AL	RAMIPRIL	RAMIPRIL	10	milligrammi	Compressa	C09AA05	KRKA D.D. NOVO MESTO	Autorizzata	Procedura Mutuo riconoscimento o Decentrata	Medicinali soggetti a prescrizione medica
041792324	041792	RAMIPRIL KRKA	10 MG COMPRESSE- 30 COMPRESSE IN BLISTER OPA/AL/PVC/AL	RAMIPRIL	RAMIPRIL	10	milligrammi	Compressa	C09AA05	KRKA D.D. NOVO MESTO	Autorizzata	Procedura Mutuo riconoscimento o Decentrata	Medicinali soggetti a prescrizione medica
041792336	041792	RAMIPRIL KRKA	10 MG COMPRESSE- 50 COMPRESSE IN BLISTER OPA/AL/PVC/AL	RAMIPRIL	RAMIPRIL	10	milligrammi	Compressa	C09AA05	KRKA D.D. NOVO MESTO	Autorizzata	Procedura Mutuo riconoscimento o Decentrata	Medicinali soggetti a prescrizione medica
041792348	041792	RAMIPRIL KRKA	10 MG COMPRESSE- 60 COMPRESSE IN BLISTER OPA/AL/PVC/AL	RAMIPRIL	RAMIPRIL	10	milligrammi	Compressa	C09AA05	KRKA D.D. NOVO MESTO	Autorizzata	Procedura Mutuo riconoscimento o Decentrata	Medicinali soggetti a prescrizione medica
041792351	041792	RAMIPRIL KRKA	10 MG COMPRESSE- 90 COMPRESSE IN BLISTER OPA/AL/PVC/AL	RAMIPRIL	RAMIPRIL	10	milligrammi	Compressa	C09AA05	KRKA D.D. NOVO MESTO	Autorizzata	Procedura Mutuo riconoscimento o Decentrata	Medicinali soggetti a prescrizione medica
041792363	041792	RAMIPRIL KRKA	10 MG COMPRESSE- 100 COMPRESSE IN BLISTER OPA/AL/PVC/AL	RAMIPRIL	RAMIPRIL	10	milligrammi	Compressa	C09AA05	KRKA D.D. NOVO MESTO	Autorizzata	Procedura Mutuo riconoscimento o Decentrata	Medicinali soggetti a prescrizione medica
042216010	042216	RAMIPRIL ALMUS	2,5 MG COMPRESSE- 10 COMPRESSE IN BLISTER AL/AL	RAMIPRIL	RAMIPRIL	2.5	milligrammi	Compressa	C09AA05	ALMUS S.R.L.	Autorizzata	Procedura Nazionale	Medicinali soggetti a prescrizione medica
042216022	042216	RAMIPRIL ALMUS	2,5 MG COMPRESSE- 14 COMPRESSE IN BLISTER AL/AL	RAMIPRIL	RAMIPRIL	2.5	milligrammi	Compressa	C09AA05	ALMUS S.R.L.	Autorizzata	Procedura Nazionale	Medicinali soggetti a prescrizione medica
042216034	042216	RAMIPRIL ALMUS	2,5 MG COMPRESSE- 20 COMPRESSE IN BLISTER AL/AL	RAMIPRIL	RAMIPRIL	2.5	milligrammi	Compressa	C09AA05	ALMUS S.R.L.	Autorizzata	Procedura Nazionale	Medicinali soggetti a prescrizione medica
042216046	042216	RAMIPRIL ALMUS	2,5 MG COMPRESSE- 28 COMPRESSE IN BLISTER AL/AL	RAMIPRIL	RAMIPRIL	2.5	milligrammi	Compressa	C09AA05	ALMUS S.R.L.	Autorizzata	Procedura Nazionale	Medicinali soggetti a prescrizione medica
042216059	042216	RAMIPRIL ALMUS	2,5 MG COMPRESSE- 30 COMPRESSE IN BLISTER AL/AL	RAMIPRIL	RAMIPRIL	2.5	milligrammi	Compressa	C09AA05	ALMUS S.R.L.	Autorizzata	Procedura Nazionale	Medicinali soggetti a prescrizione medica
042216061	042216	RAMIPRIL ALMUS	2,5 MG COMPRESSE- 42 COMPRESSE IN BLISTER AL/AL	RAMIPRIL	RAMIPRIL	2.5	milligrammi	Compressa	C09AA05	ALMUS S.R.L.	Autorizzata	Procedura Nazionale	Medicinali soggetti a prescrizione medica
042216073	042216	RAMIPRIL ALMUS	2,5 MG COMPRESSE- 50 COMPRESSE IN BLISTER AL/AL	RAMIPRIL	RAMIPRIL	2.5	milligrammi	Compressa	C09AA05	ALMUS S.R.L.	Autorizzata	Procedura Nazionale	Medicinali soggetti a prescrizione medica
042216085	042216	RAMIPRIL ALMUS	2,5 MG COMPRESSE- 98 COMPRESSE IN BLISTER AL/AL	RAMIPRIL	RAMIPRIL	2.5	milligrammi	Compressa	C09AA05	ALMUS S.R.L.	Autorizzata	Procedura Nazionale	Medicinali soggetti a prescrizione medica
042216097	042216	RAMIPRIL ALMUS	2,5 MG COMPRESSE- 100 COMPRESSE IN BLISTER AL/AL	RAMIPRIL	RAMIPRIL	2.5	milligrammi	Compressa	C09AA05	ALMUS S.R.L.	Autorizzata	Procedura Nazionale	Medicinali soggetti a prescrizione medica
042216198	042216	RAMIPRIL ALMUS	5 MG COMPRESSE- 10 COMPRESSE IN BLISTER AL/AL	RAMIPRIL	RAMIPRIL	5	milligrammi	Compressa	C09AA05	ALMUS S.R.L.	Autorizzata	Procedura Nazionale	Medicinali soggetti a prescrizione medica
042216200	042216	RAMIPRIL ALMUS	5 MG COMPRESSE- 14 COMPRESSE IN BLISTER AL/AL	RAMIPRIL	RAMIPRIL	5	milligrammi	Compressa	C09AA05	ALMUS S.R.L.	Autorizzata	Procedura Nazionale	Medicinali soggetti a prescrizione medica
042216212	042216	RAMIPRIL ALMUS	5 MG COMPRESSE- 20 COMPRESSE IN BLISTER AL/AL	RAMIPRIL	RAMIPRIL	5	milligrammi	Compressa	C09AA05	ALMUS S.R.L.	Autorizzata	Procedura Nazionale	Medicinali soggetti a prescrizione medica
042216224	042216	RAMIPRIL ALMUS	5 MG COMPRESSE- 28 COMPRESSE IN BLISTER AL/AL	RAMIPRIL	RAMIPRIL	5	milligrammi	Compressa	C09AA05	ALMUS S.R.L.	Autorizzata	Procedura Nazionale	Medicinali soggetti a prescrizione medica
042216236	042216	RAMIPRIL ALMUS	5 MG COMPRESSE- 30 COMPRESSE IN BLISTER AL/AL	RAMIPRIL	RAMIPRIL	5	milligrammi	Compressa	C09AA05	ALMUS S.R.L.	Autorizzata	Procedura Nazionale	Medicinali soggetti a prescrizione medica
042216248	042216	RAMIPRIL ALMUS	5 MG COMPRESSE- 42 COMPRESSE IN BLISTER AL/AL	RAMIPRIL	RAMIPRIL	5	milligrammi	Compressa	C09AA05	ALMUS S.R.L.	Autorizzata	Procedura Nazionale	Medicinali soggetti a prescrizione medica
042216251	042216	RAMIPRIL ALMUS	5 MG COMPRESSE- 50 COMPRESSE IN BLISTER AL/AL	RAMIPRIL	RAMIPRIL	5	milligrammi	Compressa	C09AA05	ALMUS S.R.L.	Autorizzata	Procedura Nazionale	Medicinali soggetti a prescrizione medica
042216263	042216	RAMIPRIL ALMUS	5 MG COMPRESSE- 98 COMPRESSE IN BLISTER AL/AL	RAMIPRIL	RAMIPRIL	5	milligrammi	Compressa	C09AA05	ALMUS S.R.L.	Autorizzata	Procedura Nazionale	Medicinali soggetti a prescrizione medica
042216275	042216	RAMIPRIL ALMUS	5 MG COMPRESSE- 100 COMPRESSE IN BLISTER AL/AL	RAMIPRIL	RAMIPRIL	5	milligrammi	Compressa	C09AA05	ALMUS S.R.L.	Autorizzata	Procedura Nazionale	Medicinali soggetti a prescrizione medica
042216376	042216	RAMIPRIL ALMUS	10 MG COMPRESSE- 10 COMPRESSE IN BLISTER AL/AL	RAMIPRIL	RAMIPRIL	10	milligrammi	Compressa	C09AA05	ALMUS S.R.L.	Autorizzata	Procedura Nazionale	Medicinali soggetti a prescrizione medica
042216388	042216	RAMIPRIL ALMUS	10 MG COMPRESSE- 14 COMPRESSE IN BLISTER AL/AL	RAMIPRIL	RAMIPRIL	10	milligrammi	Compressa	C09AA05	ALMUS S.R.L.	Autorizzata	Procedura Nazionale	Medicinali soggetti a prescrizione medica
042216390	042216	RAMIPRIL ALMUS	10 MG COMPRESSE- 20 COMPRESSE IN BLISTER AL/AL	RAMIPRIL	RAMIPRIL	10	milligrammi	Compressa	C09AA05	ALMUS S.R.L.	Autorizzata	Procedura Nazionale	Medicinali soggetti a prescrizione medica
042216402	042216	RAMIPRIL ALMUS	10 MG COMPRESSE- 28 COMPRESSE IN BLISTER AL/AL	RAMIPRIL	RAMIPRIL	10	milligrammi	Compressa	C09AA05	ALMUS S.R.L.	Autorizzata	Procedura Nazionale	Medicinali soggetti a prescrizione medica
042216414	042216	RAMIPRIL ALMUS	10 MG COMPRESSE- 30 COMPRESSE IN BLISTER AL/AL	RAMIPRIL	RAMIPRIL	10	milligrammi	Compressa	C09AA05	ALMUS S.R.L.	Autorizzata	Procedura Nazionale	Medicinali soggetti a prescrizione medica
042216426	042216	RAMIPRIL ALMUS	10 MG COMPRESSE- 42 COMPRESSE IN BLISTER AL/AL	RAMIPRIL	RAMIPRIL	10	milligrammi	Compressa	C09AA05	ALMUS S.R.L.	Autorizzata	Procedura Nazionale	Medicinali soggetti a prescrizione medica
042216438	042216	RAMIPRIL ALMUS	10 MG COMPRESSE- 50 COMPRESSE IN BLISTER AL/AL	RAMIPRIL	RAMIPRIL	10	milligrammi	Compressa	C09AA05	ALMUS S.R.L.	Autorizzata	Procedura Nazionale	Medicinali soggetti a prescrizione medica
042216440	042216	RAMIPRIL ALMUS	10 MG COMPRESSE- 98 COMPRESSE IN BLISTER AL/AL	RAMIPRIL	RAMIPRIL	10	milligrammi	Compressa	C09AA05	ALMUS S.R.L.	Autorizzata	Procedura Nazionale	Medicinali soggetti a prescrizione medica
042216453	042216	RAMIPRIL ALMUS	10 MG COMPRESSE- 100 COMPRESSE IN BLISTER AL/AL	RAMIPRIL	RAMIPRIL	10	milligrammi	Compressa	C09AA05	ALMUS S.R.L.	Autorizzata	Procedura Nazionale	Medicinali soggetti a prescrizione medica
042262016	042262	RAMIPRIL SUN	2,5 MG COMPRESSE- 28 COMPRESSE IN BLISTER OPA/AL/PVC/AL	RAMIPRIL	RAMIPRIL	2.5	milligrammi	Compressa	C09AA05	SUN PHARMACEUTICAL INDUSTRIES (EUROPE) B.V.	Autorizzata	Procedura Mutuo riconoscimento o Decentrata	Medicinali soggetti a prescrizione medica
042262028	042262	RAMIPRIL SUN	2,5 MG COMPRESSE- 30 COMPRESSE IN BLISTER OPA/AL/PVC/AL	RAMIPRIL	RAMIPRIL	2.5	milligrammi	Compressa	C09AA05	SUN PHARMACEUTICAL INDUSTRIES (EUROPE) B.V.	Autorizzata	Procedura Mutuo riconoscimento o Decentrata	Medicinali soggetti a prescrizione medica
042262030	042262	RAMIPRIL SUN	2,5 MG COMPRESSE- 90 COMPRESSE IN BLISTER OPA/AL/PVC/AL	RAMIPRIL	RAMIPRIL	2.5	milligrammi	Compressa	C09AA05	SUN PHARMACEUTICAL INDUSTRIES (EUROPE) B.V.	Autorizzata	Procedura Mutuo riconoscimento o Decentrata	Medicinali soggetti a prescrizione medica
042262042	042262	RAMIPRIL SUN	2,5 MG COMPRESSE- 100 COMPRESSE IN BLISTER OPA/AL/PVC/AL	RAMIPRIL	RAMIPRIL	2.5	milligrammi	Compressa	C09AA05	SUN PHARMACEUTICAL INDUSTRIES (EUROPE) B.V.	Autorizzata	Procedura Mutuo riconoscimento o Decentrata	Medicinali soggetti a prescrizione medica
042262055	042262	RAMIPRIL SUN	2,5 MG COMPRESSE- 28 COMPRESSE IN BLISTER OPA/AL/PE/HDPE/AL	RAMIPRIL	RAMIPRIL	2.5	milligrammi	Compressa	C09AA05	SUN PHARMACEUTICAL INDUSTRIES (EUROPE) B.V.	Autorizzata	Procedura Mutuo riconoscimento o Decentrata	Medicinali soggetti a prescrizione medica
042262067	042262	RAMIPRIL SUN	2,5 MG COMPRESSE- 30 COMPRESSE IN BLISTER OPA/AL/PE/HDPE/AL	RAMIPRIL	RAMIPRIL	2.5	milligrammi	Compressa	C09AA05	SUN PHARMACEUTICAL INDUSTRIES (EUROPE) B.V.	Autorizzata	Procedura Mutuo riconoscimento o Decentrata	Medicinali soggetti a prescrizione medica
042262079	042262	RAMIPRIL SUN	2,5 MG COMPRESSE- 90 COMPRESSE IN BLISTER OPA/AL/PE/HDPE/AL	RAMIPRIL	RAMIPRIL	2.5	milligrammi	Compressa	C09AA05	SUN PHARMACEUTICAL INDUSTRIES (EUROPE) B.V.	Autorizzata	Procedura Mutuo riconoscimento o Decentrata	Medicinali soggetti a prescrizione medica
042262081	042262	RAMIPRIL SUN	2,5 MG COMPRESSE- 100 COMPRESSE IN BLISTER OPA/AL/PE/HDPE/AL	RAMIPRIL	RAMIPRIL	2.5	milligrammi	Compressa	C09AA05	SUN PHARMACEUTICAL INDUSTRIES (EUROPE) B.V.	Autorizzata	Procedura Mutuo riconoscimento o Decentrata	Medicinali soggetti a prescrizione medica
042262093	042262	RAMIPRIL SUN	5 MG COMPRESSE- 14 COMPRESSE IN BLISTER OPA/AL/PVC/AL	RAMIPRIL	RAMIPRIL	2.5	milligrammi	Compressa	C09AA05	SUN PHARMACEUTICAL INDUSTRIES (EUROPE) B.V.	Autorizzata	Procedura Mutuo riconoscimento o Decentrata	Medicinali soggetti a prescrizione medica
042262105	042262	RAMIPRIL SUN	5 MG COMPRESSE- 28 COMPRESSE IN BLISTER OPA/AL/PVC/AL	RAMIPRIL	RAMIPRIL	2.5	milligrammi	Compressa	C09AA05	SUN PHARMACEUTICAL INDUSTRIES (EUROPE) B.V.	Autorizzata	Procedura Mutuo riconoscimento o Decentrata	Medicinali soggetti a prescrizione medica
042262117	042262	RAMIPRIL SUN	5 MG COMPRESSE- 30 COMPRESSE IN BLISTER OPA/AL/PVC/AL	RAMIPRIL	RAMIPRIL	2.5	milligrammi	Compressa	C09AA05	SUN PHARMACEUTICAL INDUSTRIES (EUROPE) B.V.	Autorizzata	Procedura Mutuo riconoscimento o Decentrata	Medicinali soggetti a prescrizione medica
042262129	042262	RAMIPRIL SUN	5 MG COMPRESSE- 90 COMPRESSE IN BLISTER OPA/AL/PVC/AL	RAMIPRIL	RAMIPRIL	2.5	milligrammi	Compressa	C09AA05	SUN PHARMACEUTICAL INDUSTRIES (EUROPE) B.V.	Autorizzata	Procedura Mutuo riconoscimento o Decentrata	Medicinali soggetti a prescrizione medica
042262131	042262	RAMIPRIL SUN	5 MG COMPRESSE- 100 COMPRESSE IN BLISTER OPA/AL/PVC/AL	RAMIPRIL	RAMIPRIL	2.5	milligrammi	Compressa	C09AA05	SUN PHARMACEUTICAL INDUSTRIES (EUROPE) B.V.	Autorizzata	Procedura Mutuo riconoscimento o Decentrata	Medicinali soggetti a prescrizione medica
042262143	042262	RAMIPRIL SUN	5 MG COMPRESSE- 14 COMPRESSE IN BLISTER OPA/AL/PE/HDPE/AL	RAMIPRIL	RAMIPRIL	2.5	milligrammi	Compressa	C09AA05	SUN PHARMACEUTICAL INDUSTRIES (EUROPE) B.V.	Autorizzata	Procedura Mutuo riconoscimento o Decentrata	Medicinali soggetti a prescrizione medica
042262156	042262	RAMIPRIL SUN	5 MG COMPRESSE- 28 COMPRESSE IN BLISTER OPA/AL/PE/HDPE/AL	RAMIPRIL	RAMIPRIL	2.5	milligrammi	Compressa	C09AA05	SUN PHARMACEUTICAL INDUSTRIES (EUROPE) B.V.	Autorizzata	Procedura Mutuo riconoscimento o Decentrata	Medicinali soggetti a prescrizione medica
042262168	042262	RAMIPRIL SUN	5 MG COMPRESSE- 30 COMPRESSE IN BLISTER OPA/AL/PE/HDPE/AL	RAMIPRIL	RAMIPRIL	2.5	milligrammi	Compressa	C09AA05	SUN PHARMACEUTICAL INDUSTRIES (EUROPE) B.V.	Autorizzata	Procedura Mutuo riconoscimento o Decentrata	Medicinali soggetti a prescrizione medica
042262170	042262	RAMIPRIL SUN	5 MG COMPRESSE- 90 COMPRESSE IN BLISTER OPA/AL/PE/HDPE/AL	RAMIPRIL	RAMIPRIL	2.5	milligrammi	Compressa	C09AA05	SUN PHARMACEUTICAL INDUSTRIES (EUROPE) B.V.	Autorizzata	Procedura Mutuo riconoscimento o Decentrata	Medicinali soggetti a prescrizione medica
042262182	042262	RAMIPRIL SUN	5 MG COMPRESSE- 100 COMPRESSE IN BLISTER OPA/AL/PE/HDPE/AL	RAMIPRIL	RAMIPRIL	2.5	milligrammi	Compressa	C09AA05	SUN PHARMACEUTICAL INDUSTRIES (EUROPE) B.V.	Autorizzata	Procedura Mutuo riconoscimento o Decentrata	Medicinali soggetti a prescrizione medica
042262194	042262	RAMIPRIL SUN	10 MG COMPRESSE- 28 COMPRESSE IN BLISTER OPA/AL/PVC/AL	RAMIPRIL	RAMIPRIL	2.5	milligrammi	Compressa	C09AA05	SUN PHARMACEUTICAL INDUSTRIES (EUROPE) B.V.	Autorizzata	Procedura Mutuo riconoscimento o Decentrata	Medicinali soggetti a prescrizione medica
042262206	042262	RAMIPRIL SUN	10 MG COMPRESSE- 30 COMPRESSE IN BLISTER OPA/AL/PVC/AL	RAMIPRIL	RAMIPRIL	2.5	milligrammi	Compressa	C09AA05	SUN PHARMACEUTICAL INDUSTRIES (EUROPE) B.V.	Autorizzata	Procedura Mutuo riconoscimento o Decentrata	Medicinali soggetti a prescrizione medica
042262218	042262	RAMIPRIL SUN	10 MG COMPRESSE- 90 COMPRESSE IN BLISTER OPA/AL/PVC/AL	RAMIPRIL	RAMIPRIL	2.5	milligrammi	Compressa	C09AA05	SUN PHARMACEUTICAL INDUSTRIES (EUROPE) B.V.	Autorizzata	Procedura Mutuo riconoscimento o Decentrata	Medicinali soggetti a prescrizione medica
042262220	042262	RAMIPRIL SUN	10 MG COMPRESSE- 28 COMPRESSE IN BLISTER OPA/AL/PE/HDPE/AL	RAMIPRIL	RAMIPRIL	2.5	milligrammi	Compressa	C09AA05	SUN PHARMACEUTICAL INDUSTRIES (EUROPE) B.V.	Autorizzata	Procedura Mutuo riconoscimento o Decentrata	Medicinali soggetti a prescrizione medica
042262232	042262	RAMIPRIL SUN	10 MG COMPRESSE- 30 COMPRESSE IN BLISTER OPA/AL/PE/HDPE/AL	RAMIPRIL	RAMIPRIL	2.5	milligrammi	Compressa	C09AA05	SUN PHARMACEUTICAL INDUSTRIES (EUROPE) B.V.	Autorizzata	Procedura Mutuo riconoscimento o Decentrata	Medicinali soggetti a prescrizione medica
042262244	042262	RAMIPRIL SUN	10 MG COMPRESSE- 90 COMPRESSE IN BLISTER OPA/AL/PE/HDPE/AL	RAMIPRIL	RAMIPRIL	2.5	milligrammi	Compressa	C09AA05	SUN PHARMACEUTICAL INDUSTRIES (EUROPE) B.V.	Autorizzata	Procedura Mutuo riconoscimento o Decentrata	Medicinali soggetti a prescrizione medica
042262257	042262	RAMIPRIL SUN	5 MG COMPRESSE- 56 COMPRESSE IN BLISTER OPA/AL/PVC/AL	RAMIPRIL	RAMIPRIL	2.5	milligrammi	Compressa	C09AA05	SUN PHARMACEUTICAL INDUSTRIES (EUROPE) B.V.	Autorizzata	Procedura Mutuo riconoscimento o Decentrata	Medicinali soggetti a prescrizione medica
042262269	042262	RAMIPRIL SUN	10 MG COMPRESSE- 56 COMPRESSE IN BLISTER OPA/AL/PVC/AL	RAMIPRIL	RAMIPRIL	2.5	milligrammi	Compressa	C09AA05	SUN PHARMACEUTICAL INDUSTRIES (EUROPE) B.V.	Autorizzata	Procedura Mutuo riconoscimento o Decentrata	Medicinali soggetti a prescrizione medica
042262271	042262	RAMIPRIL SUN	5 MG COMPRESSE- 56 COMPRESSE IN BLISTER OPA/Al/PE/HDPE/AL	RAMIPRIL	RAMIPRIL	2.5	milligrammi	Compressa	C09AA05	SUN PHARMACEUTICAL INDUSTRIES (EUROPE) B.V.	Autorizzata	Procedura Mutuo riconoscimento o Decentrata	Medicinali soggetti a prescrizione medica
042262283	042262	RAMIPRIL SUN	10 MG COMPRESSE- 56 COMPRESSE IN BLISTER OPA/Al/PE/HDPE/AL	RAMIPRIL	RAMIPRIL	2.5	milligrammi	Compressa	C09AA05	SUN PHARMACEUTICAL INDUSTRIES (EUROPE) B.V.	Autorizzata	Procedura Mutuo riconoscimento o Decentrata	Medicinali soggetti a prescrizione medica
042732040	042732	TRIATEC	5 MG COMPRESSE- 14 COMPRESSE DIVISIBILI	RAMIPRIL	RAMIPRIL	5	milligrammi	Compressa	C09AA05	MEDIFARM S.R.L.	Autorizzata	Importazione Parallela	Medicinali soggetti a prescrizione medica
043961010	043961	TRIATEC	10 MG COMPRESSE- 28 COMPRESSE IN BLISTER PVC/AL	RAMIPRIL	RAMIPRIL	10	milligrammi	Compressa	C09AA05	GMM FARMA S.R.L.	Autorizzata	Importazione Parallela	Medicinali soggetti a prescrizione medica
050238017	050238	RAMIPRIL ALTER	1,25 MG COMPRESSE-  14 COMPRESSE IN BLISTER OPA/AL/PVC/AL	RAMIPRIL	RAMIPRIL	1.25	milligrammi	Compressa	C09AA05	LABORATORI ALTER S.R.L.	Autorizzata	Procedura Mutuo riconoscimento o Decentrata	Medicinali soggetti a prescrizione medica
050238029	050238	RAMIPRIL ALTER	1,25 MG COMPRESSE-  28 COMPRESSE IN BLISTER OPA/AL/PVC/AL	RAMIPRIL	RAMIPRIL	1.25	milligrammi	Compressa	C09AA05	LABORATORI ALTER S.R.L.	Autorizzata	Procedura Mutuo riconoscimento o Decentrata	Medicinali soggetti a prescrizione medica
050238031	050238	RAMIPRIL ALTER	1,25 MG COMPRESSE-  30 COMPRESSE IN BLISTER OPA/AL/PVC/AL	RAMIPRIL	RAMIPRIL	1.25	milligrammi	Compressa	C09AA05	LABORATORI ALTER S.R.L.	Autorizzata	Procedura Mutuo riconoscimento o Decentrata	Medicinali soggetti a prescrizione medica
050238043	050238	RAMIPRIL ALTER	1,25 MG COMPRESSE-  56 COMPRESSE IN BLISTER OPA/AL/PVC/AL	RAMIPRIL	RAMIPRIL	1.25	milligrammi	Compressa	C09AA05	LABORATORI ALTER S.R.L.	Autorizzata	Procedura Mutuo riconoscimento o Decentrata	Medicinali soggetti a prescrizione medica
050238056	050238	RAMIPRIL ALTER	1,25 MG COMPRESSE-  90 COMPRESSE IN BLISTER OPA/AL/PVC/AL	RAMIPRIL	RAMIPRIL	1.25	milligrammi	Compressa	C09AA05	LABORATORI ALTER S.R.L.	Autorizzata	Procedura Mutuo riconoscimento o Decentrata	Medicinali soggetti a prescrizione medica
050238068	050238	RAMIPRIL ALTER	2,5 MG COMPRESSE-  14 COMPRESSE IN BLISTER OPA/AL/PVC/AL	RAMIPRIL	RAMIPRIL	2.5	milligrammi	Compressa	C09AA05	LABORATORI ALTER S.R.L.	Autorizzata	Procedura Mutuo riconoscimento o Decentrata	Medicinali soggetti a prescrizione medica
050238070	050238	RAMIPRIL ALTER	2,5 MG COMPRESSE-  28 COMPRESSE IN BLISTER OPA/AL/PVC/AL	RAMIPRIL	RAMIPRIL	2.5	milligrammi	Compressa	C09AA05	LABORATORI ALTER S.R.L.	Autorizzata	Procedura Mutuo riconoscimento o Decentrata	Medicinali soggetti a prescrizione medica
050238082	050238	RAMIPRIL ALTER	2,5 MG COMPRESSE-  30 COMPRESSE IN BLISTER OPA/AL/PVC/AL	RAMIPRIL	RAMIPRIL	2.5	milligrammi	Compressa	C09AA05	LABORATORI ALTER S.R.L.	Autorizzata	Procedura Mutuo riconoscimento o Decentrata	Medicinali soggetti a prescrizione medica
050238094	050238	RAMIPRIL ALTER	2,5 MG COMPRESSE-  56 COMPRESSE IN BLISTER OPA/AL/PVC/AL	RAMIPRIL	RAMIPRIL	2.5	milligrammi	Compressa	C09AA05	LABORATORI ALTER S.R.L.	Autorizzata	Procedura Mutuo riconoscimento o Decentrata	Medicinali soggetti a prescrizione medica
050238106	050238	RAMIPRIL ALTER	2,5 MG COMPRESSE-  90 COMPRESSE IN BLISTER OPA/AL/PVC/AL	RAMIPRIL	RAMIPRIL	2.5	milligrammi	Compressa	C09AA05	LABORATORI ALTER S.R.L.	Autorizzata	Procedura Mutuo riconoscimento o Decentrata	Medicinali soggetti a prescrizione medica
050238118	050238	RAMIPRIL ALTER	5 MG COMPRESSE-  14 COMPRESSE IN BLISTER OPA/AL/PVC/AL	RAMIPRIL	RAMIPRIL	5	milligrammi	Compressa	C09AA05	LABORATORI ALTER S.R.L.	Autorizzata	Procedura Mutuo riconoscimento o Decentrata	Medicinali soggetti a prescrizione medica
050238120	050238	RAMIPRIL ALTER	5 MG COMPRESSE-  28 COMPRESSE IN BLISTER OPA/AL/PVC/AL	RAMIPRIL	RAMIPRIL	5	milligrammi	Compressa	C09AA05	LABORATORI ALTER S.R.L.	Autorizzata	Procedura Mutuo riconoscimento o Decentrata	Medicinali soggetti a prescrizione medica
050238132	050238	RAMIPRIL ALTER	5 MG COMPRESSE-  30 COMPRESSE IN BLISTER OPA/AL/PVC/AL	RAMIPRIL	RAMIPRIL	5	milligrammi	Compressa	C09AA05	LABORATORI ALTER S.R.L.	Autorizzata	Procedura Mutuo riconoscimento o Decentrata	Medicinali soggetti a prescrizione medica
050238144	050238	RAMIPRIL ALTER	5 MG COMPRESSE-  56 COMPRESSE IN BLISTER OPA/AL/PVC/AL	RAMIPRIL	RAMIPRIL	5	milligrammi	Compressa	C09AA05	LABORATORI ALTER S.R.L.	Autorizzata	Procedura Mutuo riconoscimento o Decentrata	Medicinali soggetti a prescrizione medica
050238157	050238	RAMIPRIL ALTER	5 MG COMPRESSE-  90 COMPRESSE IN BLISTER OPA/AL/PVC/AL	RAMIPRIL	RAMIPRIL	5	milligrammi	Compressa	C09AA05	LABORATORI ALTER S.R.L.	Autorizzata	Procedura Mutuo riconoscimento o Decentrata	Medicinali soggetti a prescrizione medica
050238169	050238	RAMIPRIL ALTER	10 MG COMPRESSE-  14 COMPRESSE IN BLISTER OPA/AL/PVC/AL	RAMIPRIL	RAMIPRIL	10	milligrammi	Compressa	C09AA05	LABORATORI ALTER S.R.L.	Autorizzata	Procedura Mutuo riconoscimento o Decentrata	Medicinali soggetti a prescrizione medica
050238171	050238	RAMIPRIL ALTER	10 MG COMPRESSE-  28 COMPRESSE IN BLISTER OPA/AL/PVC/AL	RAMIPRIL	RAMIPRIL	10	milligrammi	Compressa	C09AA05	LABORATORI ALTER S.R.L.	Autorizzata	Procedura Mutuo riconoscimento o Decentrata	Medicinali soggetti a prescrizione medica
050238183	050238	RAMIPRIL ALTER	10 MG COMPRESSE-  30 COMPRESSE IN BLISTER OPA/AL/PVC/AL	RAMIPRIL	RAMIPRIL	10	milligrammi	Compressa	C09AA05	LABORATORI ALTER S.R.L.	Autorizzata	Procedura Mutuo riconoscimento o Decentrata	Medicinali soggetti a prescrizione medica
050238195	050238	RAMIPRIL ALTER	10 MG COMPRESSE-  56 COMPRESSE IN BLISTER OPA/AL/PVC/AL	RAMIPRIL	RAMIPRIL	10	milligrammi	Compressa	C09AA05	LABORATORI ALTER S.R.L.	Autorizzata	Procedura Mutuo riconoscimento o Decentrata	Medicinali soggetti a prescrizione medica
050238207	050238	RAMIPRIL ALTER	10 MG COMPRESSE-  90 COMPRESSE IN BLISTER OPA/AL/PVC/AL	RAMIPRIL	RAMIPRIL	10	milligrammi	Compressa	C09AA05	LABORATORI ALTER S.R.L.	Autorizzata	Procedura Mutuo riconoscimento o Decentrata	Medicinali soggetti a prescrizione medica
